date	Tx_Ref	Tn_Ref	Tx_Can	Tn_Can 
01/01/1998	NA	NA	5.8	3
02/01/1998	NA	NA	5	-4.2
03/01/1998	NA	NA	4.5	0.5
04/01/1998	NA	NA	6	-0.2
05/01/1998	NA	NA	9	-0.5
06/01/1998	NA	NA	3.5	0.5
07/01/1998	NA	NA	4	0
08/01/1998	NA	NA	8.8	3
09/01/1998	NA	NA	5.8	1.5
10/01/1998	NA	NA	2.5	0
11/01/1998	NA	NA	1.8	-1
12/01/1998	NA	NA	1.5	-1.5
13/01/1998	NA	NA	2.3	1
14/01/1998	NA	NA	3	0.5
15/01/1998	NA	NA	6.5	1.5
16/01/1998	NA	NA	6	1.8
17/01/1998	NA	NA	12.5	0
18/01/1998	NA	NA	5	-3
19/01/1998	NA	NA	5.8	-0.6
20/01/1998	NA	NA	8.5	-3
21/01/1998	NA	NA	9.8	-3
22/01/1998	NA	NA	7	-4
23/01/1998	NA	NA	5.3	-1
24/01/1998	NA	NA	6	-4.5
25/01/1998	NA	NA	2.5	-2
26/01/1998	NA	NA	5	-4
27/01/1998	NA	NA	4	-5.5
28/01/1998	NA	NA	4	-6.8
29/01/1998	NA	NA	5.2	-6.8
30/01/1998	NA	NA	4	-4
31/01/1998	NA	NA	4.5	-3
01/02/1998	NA	NA	5	-3
02/02/1998	NA	NA	3	-6
03/02/1998	NA	NA	3.5	-2
04/02/1998	NA	NA	6.5	-2
05/02/1998	NA	NA	7.2	-5.3
06/02/1998	NA	NA	9.3	-6
07/02/1998	NA	NA	7.8	-5.6
08/02/1998	NA	NA	9	-3.5
09/02/1998	NA	NA	10.2	-4.2
10/02/1998	NA	NA	11.8	-3.5
11/02/1998	NA	NA	14.8	-3
12/02/1998	NA	NA	16.5	-2
13/02/1998	NA	NA	18.7	-1
14/02/1998	NA	NA	18.5	-0.5
15/02/1998	NA	NA	16.8	-0.5
16/02/1998	NA	NA	18	-0.5
17/02/1998	NA	NA	21	2
18/02/1998	NA	NA	14	-0.2
19/02/1998	NA	NA	15	-1
20/02/1998	NA	NA	14	0
21/02/1998	NA	NA	14.8	0.5
22/02/1998	NA	NA	11.2	5.2
23/02/1998	NA	NA	7.5	6
24/02/1998	NA	NA	16	3.5
25/02/1998	NA	NA	18	3
26/02/1998	NA	NA	16	2
27/02/1998	NA	NA	17.8	0
28/02/1998	NA	NA	18.5	1.5
01/03/1998	NA	NA	19.5	1
02/03/1998	NA	NA	7.5	1.5
03/03/1998	NA	NA	14.8	0.6
04/03/1998	NA	NA	10	5.2
05/03/1998	NA	NA	19	3
06/03/1998	NA	NA	17	-1.5
07/03/1998	NA	NA	19.5	2
08/03/1998	NA	NA	22	2.5
09/03/1998	NA	NA	18.5	3.7
10/03/1998	NA	NA	13.5	-1
11/03/1998	NA	NA	8.5	-3
12/03/1998	NA	NA	10.5	-0.5
13/03/1998	NA	NA	14	-3
14/03/1998	NA	NA	18	-2.5
15/03/1998	NA	NA	22.3	0
16/03/1998	NA	NA	21	1
17/03/1998	NA	NA	24	2
18/03/1998	NA	NA	23.5	3
19/03/1998	NA	NA	20.5	3
20/03/1998	NA	NA	19.3	2.7
21/03/1998	NA	NA	17.3	0.3
22/03/1998	NA	NA	15	4
23/03/1998	NA	NA	5	0
24/03/1998	NA	NA	9	4
25/03/1998	NA	NA	13.5	-3.8
26/03/1998	NA	NA	13.4	-1
27/03/1998	NA	NA	13.5	-0.5
28/03/1998	NA	NA	19.5	-1.2
29/03/1998	NA	NA	22	1.7
30/03/1998	NA	NA	22.4	1.3
31/03/1998	NA	NA	22	4
01/04/1998	NA	NA	22.5	4.3
02/04/1998	NA	NA	20	7
03/04/1998	NA	NA	17	6.8
04/04/1998	NA	NA	20.2	11
05/04/1998	NA	NA	19	8
06/04/1998	NA	NA	23.5	8
07/04/1998	NA	NA	14.6	6.8
08/04/1998	NA	NA	16.8	4
09/04/1998	NA	NA	18	5.5
10/04/1998	NA	NA	11.7	6.5
11/04/1998	NA	NA	7.2	2.2
12/04/1998	NA	NA	17.2	-4
13/04/1998	NA	NA	13	3
14/04/1998	NA	NA	16	0
15/04/1998	NA	NA	6.5	0.8
16/04/1998	NA	NA	15	1
17/04/1998	NA	NA	13	6
18/04/1998	NA	NA	19	5.8
19/04/1998	NA	NA	19.9	2
20/04/1998	NA	NA	20	2.5
21/04/1998	NA	NA	21.5	4.8
22/04/1998	NA	NA	22	5
23/04/1998	NA	NA	18.2	8
24/04/1998	NA	NA	23.5	7
25/04/1998	NA	NA	24	10
26/04/1998	NA	NA	23	12
27/04/1998	NA	NA	16	12
28/04/1998	NA	NA	14	10.5
29/04/1998	NA	NA	17.3	5
30/04/1998	NA	NA	12	8
01/05/1998	NA	NA	15.5	8.3
02/05/1998	NA	NA	20	6.5
03/05/1998	NA	NA	20	6.5
04/05/1998	NA	NA	19	12.5
05/05/1998	NA	NA	23.5	8.5
06/05/1998	NA	NA	18	11.5
07/05/1998	NA	NA	22	8.5
08/05/1998	NA	NA	25	10
09/05/1998	NA	NA	26	11.8
10/05/1998	NA	NA	22.2	11.8
11/05/1998	NA	NA	28	12.3
12/05/1998	NA	NA	29	11
13/05/1998	NA	NA	29.9	11.8
14/05/1998	NA	NA	22.8	13.7
15/05/1998	NA	NA	24.8	10
16/05/1998	NA	NA	21	9
17/05/1998	NA	NA	22.5	11.3
18/05/1998	NA	NA	23.5	8.5
19/05/1998	NA	NA	24.7	9.5
20/05/1998	25.9	11.7	26	12
21/05/1998	26.2	14.4	25	14
22/05/1998	25.2	11.8	25	12
23/05/1998	22.7	13.4	22	13.8
24/05/1998	19.8	14.2	19.7	9
25/05/1998	21.5	13.8	22	13.7
26/05/1998	22.4	12.7	22	13.5
27/05/1998	22.7	12.9	22.7	8.8
28/05/1998	15.9	13.8	11.7	9
29/05/1998	18.7	13.7	18.8	9
30/05/1998	22.3	13.7	23	14.6
31/05/1998	21.3	11.7	21	12.5
01/06/1998	23.7	11.5	24	11.8
02/06/1998	25.8	13.5	24.9	8.8
03/06/1998	26.2	13.8	25.6	14.8
04/06/1998	28	16.9	27.5	17
05/06/1998	28.3	18.3	28	19
06/06/1998	28.6	19.8	27.5	20.5
07/06/1998	24.9	16.9	24	18
08/06/1998	26.5	15.9	26.8	18
09/06/1998	27.8	13.9	28	14.5
10/06/1998	27	14.9	27.6	11
11/06/1998	24.3	13.5	25	14
12/06/1998	22.6	11.6	22	12
13/06/1998	22	7.5	22.5	8.5
14/06/1998	22.7	8.4	23.3	9.3
15/06/1998	23.3	12.2	23	13.3
16/06/1998	25.5	12.3	23.6	12.3
17/06/1998	24.5	13.7	23.5	13.2
18/06/1998	25.6	13.1	24.5	12.5
19/06/1998	29	13.5	27.5	13.8
20/06/1998	29.9	15.2	29	14.9
21/06/1998	29.5	15.5	29	15
22/06/1998	29.8	17.1	29.8	16.3
23/06/1998	28.7	17	28.5	17.2
24/06/1998	29.1	18.7	27	19.9
25/06/1998	30.6	16.6	29.3	17
26/06/1998	29.7	15.5	29	15.8
27/06/1998	29.6	17.1	29.5	17
28/06/1998	28.9	18.2	29	18.5
29/06/1998	30.8	18.3	30.2	18
30/06/1998	29.5	18	28.5	18.5
01/07/1998	29.1	20.4	29	21
02/07/1998	29.5	20.6	29	20.5
03/07/1998	27.3	15.9	26.5	17
04/07/1998	29.7	14.3	29	15
05/07/1998	30.6	14.2	30	15
06/07/1998	29.7	16.4	29.5	16.5
07/07/1998	25.8	17.3	25	18
08/07/1998	27	14	27	16.8
09/07/1998	27.7	10.6	27	11.8
10/07/1998	28.7	12.6	29	13
11/07/1998	28.8	14.4	28	15.2
12/07/1998	28.4	16.2	29	16.5
13/07/1998	28.1	16.2	28.2	16.5
14/07/1998	28.2	16.8	27.2	17
15/07/1998	26.2	14.8	24	8.8
16/07/1998	27.3	13.8	25.5	13.5
17/07/1998	29.5	14.3	28	13.6
18/07/1998	30.2	15.5	28.5	14.5
19/07/1998	31.8	16.7	29.5	15.5
20/07/1998	32.4	19.5	31.8	19
21/07/1998	33.8	19.7	33.2	22
22/07/1998	33.9	19.5	33	19.8
23/07/1998	34.2	18	34	18.2
24/07/1998	34.8	19.3	34.3	19.5
25/07/1998	33.2	19.4	33.2	20.5
26/07/1998	31.6	20.8	30.2	21.7
27/07/1998	29.2	20.5	28.5	22.5
28/07/1998	31.5	17.4	30.8	18
29/07/1998	30.7	15.5	29.5	16.3
30/07/1998	32	17.6	30.6	18
31/07/1998	29.7	17.9	28.2	17.7
01/08/1998	31.1	19.7	29.8	19.9
02/08/1998	30.7	18	29.5	17.5
03/08/1998	21.4	18.4	22.5	18.5
04/08/1998	27.9	18	25.8	18
05/08/1998	30.2	17.3	29.1	17.8
06/08/1998	28.8	18	28.2	19
07/08/1998	30.6	15.9	29.3	17
08/08/1998	31.8	16	30.6	16.8
09/08/1998	35.3	17.4	32.5	17.7
10/08/1998	35.2	18.3	33.2	18.2
11/08/1998	36.7	19.8	34	20.6
12/08/1998	35.2	18	30.4	18.2
13/08/1998	33.8	20.4	32.5	21.5
14/08/1998	33.3	20	32.5	20.5
15/08/1998	32.1	19.5	31	20.8
16/08/1998	32.7	19.8	31.8	20.3
17/08/1998	32.8	18.6	32	20
18/08/1998	27.7	19.1	26.8	19.9
19/08/1998	30.9	17.5	29	17.5
20/08/1998	29.9	19.5	28	19.4
21/08/1998	30.4	17.6	29	19
22/08/1998	33	17.7	32	18.7
23/08/1998	33.6	17.7	32.5	18.2
24/08/1998	30.7	17.7	30	18.7
25/08/1998	29	16	28.5	17.4
26/08/1998	28.8	14.8	28	16
27/08/1998	29.8	15.2	28.8	16.3
28/08/1998	22.1	14.1	22.4	15.3
29/08/1998	24.1	12.6	23	13.7
30/08/1998	24.6	12.3	24	13
31/08/1998	25.4	11.5	24.8	12.3
01/09/1998	26.1	16.3	24.8	16.8
02/09/1998	27.5	17.7	26.2	17.5
03/09/1998	27.3	18.4	26.8	19.5
04/09/1998	26.6	18.4	26	17.4
05/09/1998	28.6	16.7	27	18
06/09/1998	28.6	12.1	28	8.4
07/09/1998	20.3	15.2	20	16.3
08/09/1998	24.6	15.8	23	16.3
09/09/1998	27.2	13.6	25	14.3
10/09/1998	26.8	17.1	26	17.5
11/09/1998	22.7	16.9	21.7	18
12/09/1998	23.2	11.6	22.3	13.5
13/09/1998	23.2	6.2	22.9	7
14/09/1998	23.4	5.5	22	6.2
15/09/1998	25.4	5.1	22.5	5.2
16/09/1998	24.5	8.2	23.5	8.4
17/09/1998	25.6	9.3	24.5	10.5
18/09/1998	24.8	7.7	23.6	8
19/09/1998	23.4	8.1	22.5	9
20/09/1998	22.1	10.8	21.3	10.2
21/09/1998	21.7	8.7	21	9
22/09/1998	22	8.9	20	9
23/09/1998	22.9	7.5	21	7.5
24/09/1998	22.3	8.7	20	9
25/09/1998	21.2	12.5	19	12.5
26/09/1998	16.8	12.4	15.2	12
27/09/1998	19.6	12.5	17	13
28/09/1998	25.2	10.3	22	10
29/09/1998	23.1	9.2	22.7	10
30/09/1998	17.3	14.8	17	15
01/10/1998	20	11.7	19	12.5
02/10/1998	18.7	8.7	17.8	10
03/10/1998	19.8	10.1	18.5	10.2
04/10/1998	17.3	11.2	17	12
05/10/1998	14.4	12.3	14	12.5
06/10/1998	18.6	12.6	17	12.3
07/10/1998	20.5	12.9	18.4	12.5
08/10/1998	16.9	12.3	14.8	11.8
09/10/1998	15.8	8.3	13.8	9
10/10/1998	18.3	6.5	16.3	6.7
11/10/1998	19	9.8	17.2	9.8
12/10/1998	20.1	7.2	19	7
13/10/1998	20.3	5.9	18	6.8
14/10/1998	21.4	4.8	18.5	5
15/10/1998	21.3	5.9	19	6.9
16/10/1998	18.8	7.2	23	7.8
17/10/1998	18.5	10.7	18	16.5
18/10/1998	18.4	12.1	17.8	12.8
19/10/1998	13.9	9.1	NA	NA
20/10/1998	19.2	5.8	NA	NA
21/10/1998	13.5	4	13	5
22/10/1998	15.2	5.1	14	6
23/10/1998	17.3	3.7	15	4.9
24/10/1998	19.6	5.8	16.8	6
25/10/1998	13	6.8	12.8	8.3
26/10/1998	19.8	2.8	16.8	3
27/10/1998	19.1	2.2	17.3	12.2
28/10/1998	18.7	2.7	16.6	3.5
29/10/1998	18.8	4	17.5	4.5
30/10/1998	16.8	0.4	15	1
31/10/1998	16.7	0.6	16.2	2
01/11/1998	13.7	4.2	13.8	5.5
02/11/1998	12.6	3.3	12.2	4
03/11/1998	12.7	8.6	12.2	9.5
04/11/1998	12.7	8	12.5	9.5
05/11/1998	17	2.6	15.9	4
06/11/1998	14.1	1.6	12.5	2.3
07/11/1998	13.9	-0.5	12	-0.8
08/11/1998	14.4	-1.8	11.2	-1.8
09/11/1998	16.6	1.2	14.2	1.3
10/11/1998	10.5	2.1	10	3
11/11/1998	16.9	0.5	14.8	2.2
12/11/1998	10.5	-0.8	9.8	-0.8
13/11/1998	10.8	-1.6	10	-1.8
14/11/1998	8	-0.3	7.8	-0.2
15/11/1998	15.5	-2.7	13	-3
16/11/1998	15.2	-2.7	12	-3.7
17/11/1998	12.4	-4.2	10	-5
18/11/1998	7.4	-5.7	6.1	-6
19/11/1998	6.9	-4.1	4.8	-4.2
20/11/1998	7.4	-5.9	4.3	-5.5
21/11/1998	5.1	-7.3	3.5	-7.7
22/11/1998	3.3	-6.9	2.3	-7
23/11/1998	6.1	-3.2	4.3	-4.5
24/11/1998	3.2	-0.6	3	0
25/11/1998	4.7	0.4	4.8	1
26/11/1998	6.2	-0.5	5	-0.2
27/11/1998	5.1	-0.8	5	-0.4
28/11/1998	9.7	-1.3	7	-0.5
29/11/1998	6	-3	5.2	-2
30/11/1998	3.5	-2	3.7	-2
01/12/1998	9.2	0.6	8	0.5
02/12/1998	5.5	0.9	5	0.3
03/12/1998	4.6	1.9	4.3	2.5
04/12/1998	12.4	-0.2	9.4	0.5
05/12/1998	10	-2.6	5	3.2
06/12/1998	9.1	-4.8	5	-5
07/12/1998	7.3	-6.5	4.2	-6.5
08/12/1998	7.1	-8.1	3	-7.8
09/12/1998	1.5	-7.7	1.8	-7.5
10/12/1998	4.8	-2	3	-2
11/12/1998	1.4	-0.9	1.2	-1
12/12/1998	-0.2	-3	0.5	-3.7
13/12/1998	1.5	-2.9	1.2	-3
14/12/1998	3.8	-4.3	3.3	-4.3
15/12/1998	-0.6	-4	0	-3.8
16/12/1998	2.8	-4.1	2.8	-3.8
17/12/1998	6	-4.4	4.2	-4
18/12/1998	8.6	-5.4	5	-5
19/12/1998	6	-3.4	5.3	-3.2
20/12/1998	1.4	-2.5	1.3	-2.3
21/12/1998	8.7	-1.3	7	-1
22/12/1998	7.2	-4.1	4	-4.3
23/12/1998	4	-5.9	2	-5.8
24/12/1998	1.3	-3.9	1	-3.9
25/12/1998	1.5	-5.6	0	-5.8
26/12/1998	0.4	-7	0	-6.8
27/12/1998	2.2	-0.5	2	0
28/12/1998	3.1	0.9	2.8	1.2
29/12/1998	4	-1.1	3.2	-1.2
30/12/1998	4.7	1.2	3.8	1
31/12/1998	3	0.4	3	0.8
01/01/1999	3	0.4	3	0.8
02/01/1999	5.2	2.6	5	3
03/01/1999	9.9	-1.3	7	-1.2
04/01/1999	11	-1.2	8	-1.6
05/01/1999	8.8	-1.6	6	-1.2
06/01/1999	8.9	-3	6	-2.3
07/01/1999	6.7	-1.7	7	-2
08/01/1999	7.7	3.7	8	0
09/01/1999	5.7	1.9	6	2
10/01/1999	4.4	0.1	4.9	0.5
11/01/1999	4.8	0.1	4	0.2
12/01/1999	4.7	-0.9	4.5	0.8
13/01/1999	5.7	-3.1	5	-1.2
14/01/1999	6	-4.2	4	-3.2
15/01/1999	6.1	-6.2	4.2	-5
16/01/1999	4	-2	4.5	-1.8
17/01/1999	4.6	0.6	5	1.8
18/01/1999	8.4	-0.7	8	3
19/01/1999	1.2	-2.5	7	3
20/01/1999	5.3	-3.4	5.5	-2.2
21/01/1999	10.4	-3.8	7	-3.5
22/01/1999	10.1	-3.2	7	-3.5
23/01/1999	8.8	-3.5	6.7	-4.3
24/01/1999	10.1	-3.8	6.8	-4.3
25/01/1999	10.1	-3.2	7.5	-1
26/01/1999	4.7	-2.8	5	-3
27/01/1999	8.3	-0.7	7.6	-0.5
28/01/1999	12.3	-3.3	10.8	-3.8
29/01/1999	11.6	-0.5	11	-1
30/01/1999	5.9	-1.6	6	-1
31/01/1999	5.4	-6.4	4	-6.5
01/02/1999	5.1	-8.5	4	-8
02/02/1999	7.9	-7.1	6.5	-7.2
03/02/1999	9	-4.8	8	-5.8
04/02/1999	15.5	-1.9	14	-2
05/02/1999	21	-1.5	18.7	-1.8
06/02/1999	14.8	0.6	14.2	0
07/02/1999	14.4	-3.2	13	-3.2
08/02/1999	9.4	-1.9	10	-1.5
09/02/1999	5.8	-4.7	5	-4.5
10/02/1999	8	-2.6	8	-2
11/02/1999	7.3	-5.8	7	-6.5
12/02/1999	7.6	-6.6	7	-6.4
13/02/1999	6.5	-8.1	6	-8
14/02/1999	6.7	-7.3	7	-8
15/02/1999	2.1	-5.5	2	-5.5
16/02/1999	6.6	-8.1	6	-9
17/02/1999	13.7	-5.2	12.5	-6
18/02/1999	14	-3.5	14	-4.5
19/02/1999	11.9	-2.6	11.2	-2.3
20/02/1999	12.3	2	12.5	3.5
21/02/1999	10.9	-0.9	9.3	-1
22/02/1999	16.8	0	16	-1
23/02/1999	11.4	0.8	12	1.5
24/02/1999	12.1	-4.3	12.2	-4.6
25/02/1999	12.1	-3	12.5	-2.7
26/02/1999	14.1	-2.7	14.3	-3
27/02/1999	15.1	-2.7	14.9	-2.5
28/02/1999	14.1	-2	14	-1.8
01/03/1999	16.3	3.5	16.2	5
02/03/1999	18.1	2.1	18	2
03/03/1999	7.6	4.8	7.1	4.5
04/03/1999	10.8	5.9	9.8	6
05/03/1999	15.1	2.8	14.8	2.8
06/03/1999	10.5	0	11	0
07/03/1999	12.7	-0.6	14	-0.3
08/03/1999	10.5	-2	10.7	-2
09/03/1999	7.1	-0.1	7	0.5
10/03/1999	9.2	4.7	9.2	5
11/03/1999	11.2	6.1	11.5	7
12/03/1999	15.5	4.6	15.5	7.5
13/03/1999	19.1	0.8	20.3	1.3
14/03/1999	20.4	3	20.5	3.5
15/03/1999	21.6	7.4	22	8
16/03/1999	19.1	4.2	20	4.5
17/03/1999	10.9	6.7	11.5	7.5
18/03/1999	10.3	0.7	11.5	2.5
19/03/1999	14.7	-2.3	11	-2
20/03/1999	16.3	0.3	18	1
21/03/1999	15.2	-0.5	16.5	-0.3
22/03/1999	11.7	1.8	13	3.5
23/03/1999	17.3	-1	20	-1
24/03/1999	20.1	0.3	22	1
25/03/1999	13.7	1.6	14	3.5
26/03/1999	9.9	5	9.5	6
27/03/1999	8.9	4.7	9	5
28/03/1999	14.5	5.9	17	7
29/03/1999	18.6	3	20	3.3
30/03/1999	20.4	NA	22	4.3
31/03/1999	19.5	4.6	21	5
01/04/1999	21	4.2	22.5	5
02/04/1999	23.7	3.8	24	4.3
03/04/1999	23	5.3	24.7	5.3
04/04/1999	25.2	8.3	27	8
05/04/1999	23.8	6.1	24	7
06/04/1999	23.3	6.1	24.9	7.3
07/04/1999	15.5	8.3	15	9
08/04/1999	13.1	8.7	13.2	9
09/04/1999	19.4	7.6	22	8.5
10/04/1999	19.1	6.6	21	7.3
11/04/1999	20.9	4.4	22.2	5
12/04/1999	18	6.9	18.5	7.5
13/04/1999	21.5	5.9	23	6.8
14/04/1999	18	3.4	19.9	3.5
15/04/1999	17.1	6.5	18.8	6.8
16/04/1999	16.9	4.3	18.5	5.8
17/04/1999	13.3	0.7	13	1
18/04/1999	19.2	0.8	20.5	1.5
19/04/1999	18.8	1.1	21	1.5
20/04/1999	15.4	3	15.5	4
21/04/1999	11.6	9.4	12	9.3
22/04/1999	17.8	6.8	18	7
23/04/1999	19.8	5.1	21	6
24/04/1999	17.1	10.5	17.8	11
25/04/1999	22.1	7.9	23	8
26/04/1999	18.7	8.7	18	8.5
27/04/1999	14.1	7.6	13.9	10
28/04/1999	18.4	6.9	18.5	7.8
29/04/1999	17.8	8.1	17.5	9
30/04/1999	21.3	7.9	22.5	9.3
01/05/1999	23.4	7.9	23.7	8
02/05/1999	23.9	11.7	24	12.5
03/05/1999	22.4	14.4	23	14.8
04/05/1999	18.4	13.2	17.8	14
05/05/1999	22.3	11	23.5	11.4
06/05/1999	17.7	12.6	17.5	13.2
07/05/1999	21.2	14.5	21	14.9
08/05/1999	20.4	14.7	20.8	16.5
09/05/1999	23.8	12.4	24	13
10/05/1999	24.3	13.3	23.4	14.2
11/05/1999	22.3	12.6	23.5	12.6
12/05/1999	24.7	12	25.6	12.5
13/05/1999	25.8	12.3	26.8	12.8
14/05/1999	23.6	12.7	23.8	13
15/05/1999	22.8	13	23.5	13.6
16/05/1999	23.4	14.4	23.5	15
17/05/1999	16.2	12.3	17.5	13
18/05/1999	15.8	12	15.5	12.3
19/05/1999	20.2	14.1	19.3	14.3
20/05/1999	21.1	10.9	19.7	11
21/05/1999	21.6	8.5	20.5	8.8
22/05/1999	24.8	11.1	22.5	11
23/05/1999	26.2	12.2	26	12
24/05/1999	25.2	12.7	24.8	13
25/05/1999	26.5	16.8	25.8	17.2
26/05/1999	27	14.6	27	15
27/05/1999	NA	NA	27.6	17
28/05/1999	NA	NA	26.6	18.3
29/05/1999	NA	NA	28.5	16.5
30/05/1999	NA	NA	28	15
31/05/1999	NA	NA	28.8	14.8
01/06/1999	NA	NA	30	16
02/06/1999	NA	NA	29.8	17.8
03/06/1999	NA	NA	28.3	16.5
04/06/1999	NA	NA	27.5	17.3
05/06/1999	NA	NA	26.3	14.6
06/06/1999	NA	NA	24.2	15.6
07/06/1999	NA	NA	27	14.2
08/06/1999	NA	NA	28.5	15.7
09/06/1999	NA	NA	27	9
10/06/1999	NA	NA	22	17
11/06/1999	NA	NA	23	16
12/06/1999	NA	NA	26.5	15
13/06/1999	NA	NA	27	15
14/06/1999	NA	NA	18.4	16.2
15/06/1999	NA	NA	22.4	14.5
16/06/1999	NA	NA	25	16.5
17/06/1999	NA	NA	28.2	16.3
18/06/1999	NA	NA	28.5	16.3
19/06/1999	NA	NA	23	15.3
20/06/1999	NA	NA	23.8	13.2
21/06/1999	NA	NA	27	12.6
22/06/1999	NA	NA	26.5	11.4
23/06/1999	NA	NA	25.7	10.3
24/06/1999	NA	NA	27	12.8
25/06/1999	NA	NA	26.8	15
26/06/1999	NA	NA	26.2	16.5
27/06/1999	NA	NA	25.2	16.5
28/06/1999	NA	NA	24	16
29/06/1999	NA	NA	25.5	16
30/06/1999	NA	NA	28.7	15.7
01/07/1999	NA	NA	28.5	17
02/07/1999	NA	NA	28.5	16.8
03/07/1999	NA	NA	30.7	16
04/07/1999	NA	NA	31	17.2
05/07/1999	NA	NA	32.8	15.5
06/07/1999	NA	NA	30.8	18.7
07/07/1999	NA	NA	30.8	17
08/07/1999	NA	NA	30.5	18
09/07/1999	NA	NA	29.6	17
10/07/1999	NA	NA	29.5	19.2
11/07/1999	NA	NA	21.2	18.5
12/07/1999	NA	NA	28.7	18
13/07/1999	NA	NA	31.2	18.4
14/07/1999	NA	NA	33	18
15/07/1999	31.1	17.2	30.9	18.3
16/07/1999	28.4	19.4	28	19.5
17/07/1999	30.2	18.4	29.9	19
18/07/1999	31	20.3	31	20.5
19/07/1999	32	18.9	31.2	20
20/07/1999	31.8	18	31.2	17.8
21/07/1999	32.3	19.3	32	19.5
22/07/1999	31.9	18.4	32	19.3
23/07/1999	29.3	16.4	28.9	17.7
24/07/1999	28.4	15.6	28.6	16.5
25/07/1999	28.2	15.2	29	16.5
26/07/1999	32.2	15.2	32	16
27/07/1999	32.3	16.8	31.8	18
28/07/1999	24.3	18.9	26	18.3
29/07/1999	27.8	18.7	27.2	18
30/07/1999	29.6	18.8	28.5	19
31/07/1999	25.1	18.2	24	18.9
01/08/1999	27.7	18.7	26.2	19.3
02/08/1999	29.5	17.3	29	17.8
03/08/1999	28.1	19.2	27.2	19.5
04/08/1999	25.4	20	24.7	19.8
05/08/1999	30.5	20.6	29	20
06/08/1999	32.2	20.5	31	21
07/08/1999	30.6	19.7	30	20
08/08/1999	30.7	20.2	30.5	21
09/08/1999	31.5	20.7	31.5	22
10/08/1999	32.5	20.8	32.7	21
11/08/1999	30.3	18.6	29.5	18.8
12/08/1999	21.2	15.2	22	15.5
13/08/1999	26.7	12.6	26.5	13.5
14/08/1999	26.2	15.6	25	15.8
15/08/1999	28.4	15.9	27.8	16
16/08/1999	28	17.3	27.8	17.8
17/08/1999	26.7	18.4	26.5	18.3
18/08/1999	29.2	18.2	29	18
19/08/1999	28	18.6	27.8	19.7
20/08/1999	24.8	21.2	24.8	21.6
21/08/1999	28.7	19.8	28.3	20.2
22/08/1999	27.1	18.6	26.2	19.5
23/08/1999	27.7	18	27.5	18
24/08/1999	28.1	20	27.3	20.7
25/08/1999	29.4	18.1	28	18.5
26/08/1999	27.3	18.8	26.9	19.3
27/08/1999	27	19.4	26.4	19.3
28/08/1999	28.8	19	28	18.8
29/08/1999	23.8	17.1	22.5	18
30/08/1999	26.1	15.2	25.5	15.4
31/08/1999	28.3	15.5	27	16.2
01/09/1999	29	16.2	28	16.3
02/09/1999	25.9	16.4	25.3	16.2
03/09/1999	20.6	13.7	21.5	14
04/09/1999	19.5	14.1	18	14.9
05/09/1999	24	14.6	23.3	15
06/09/1999	24.5	13	23.4	13.2
07/09/1999	26.6	15.9	25	16.8
08/09/1999	27.7	14.8	26.5	15
09/09/1999	29.1	15.2	27.4	15.8
10/09/1999	28.5	15.4	27.7	16
11/09/1999	28.1	15.9	27	16.7
12/09/1999	28.8	15.7	27.8	10.8
13/09/1999	28.7	15	27.6	15.4
14/09/1999	28.3	14.4	27	14.9
15/09/1999	25.2	13	25	13.2
16/09/1999	24.6	16.3	23	16.4
17/09/1999	26.1	14.3	24.9	14.9
18/09/1999	19.8	14.1	19	15.5
19/09/1999	17.3	14	17	9.3
20/09/1999	22.8	13.7	21	15
21/09/1999	22.7	14.4	21.8	15
22/09/1999	22.1	13.3	21.5	14
23/09/1999	24.5	15.2	23.5	15.8
24/09/1999	25.9	14.5	24.9	15.9
25/09/1999	22.5	16.2	22.2	17.2
26/09/1999	25.6	15.8	23.7	16.2
27/09/1999	23.4	14.9	22.5	15.7
28/09/1999	24.3	14.1	23.5	16
29/09/1999	24.5	11.9	23.4	11.7
30/09/1999	22.7	14.6	21.8	15.3
01/10/1999	23.6	11.8	22.3	13
02/10/1999	20.4	12.3	19.3	12.6
03/10/1999	21.7	12.8	21	14.6
04/10/1999	22.3	9.4	21.5	10
05/10/1999	19.8	7.4	20.9	9.1
06/10/1999	19	4.6	18.6	5
07/10/1999	18.9	3.3	18	3.5
08/10/1999	19.1	4.5	18.2	5.2
09/10/1999	22.2	6.2	20	6.8
10/10/1999	23.2	5.3	22	5.8
11/10/1999	23.2	8	21.8	7.5
12/10/1999	21.8	9.1	20	14.5
13/10/1999	17.1	12.9	17	13.5
14/10/1999	15.7	12.5	16.2	12.5
15/10/1999	15.3	11.9	17	12.6
16/10/1999	18.5	12.1	18	12.3
17/10/1999	15	11.1	15	9
18/10/1999	11.2	6	NA	NA
19/10/1999	9.2	6.2	9.4	6.7
20/10/1999	7.3	5.5	7.8	6
21/10/1999	9.1	NA	9	5.5
22/10/1999	13.7	8	13.5	9
23/10/1999	16.8	9.4	15	10
24/10/1999	12.3	10.5	12.3	9.8
25/10/1999	16	11.2	14.8	11.7
26/10/1999	17.9	11.1	16.8	12.3
27/10/1999	22.1	NA	19	9.3
28/10/1999	19.5	9	18	9.3
29/10/1999	13.8	10.8	14.8	11.8
30/10/1999	14.8	11	14	12
31/10/1999	18.9	9.7	17	9.3
01/11/1999	17	11.9	17	11
02/11/1999	18.4	11.1	18	12.8
03/11/1999	14	12.5	14.2	13
04/11/1999	12.9	12.1	13	12.3
05/11/1999	14.9	9.7	14.5	10.6
06/11/1999	11.9	8.3	12	8.4
07/11/1999	14	5.8	13.3	6.2
08/11/1999	17.8	3	14.5	2.8
09/11/1999	16.5	1.8	13.3	1
10/11/1999	13	3.1	12.5	3
11/11/1999	7.6	5.8	7.6	6
12/11/1999	10.2	5.5	10	5
13/11/1999	10.5	4.7	10	3.5
14/11/1999	11.4	3.1	10.2	3
15/11/1999	8	2	8	1.5
16/11/1999	9.4	2.9	9	3
17/11/1999	5.6	1.2	5.6	0
18/11/1999	12.1	-1.3	10.6	-3
19/11/1999	11.2	-0.7	10	-1
20/11/1999	4.7	-2.2	5	-2.5
21/11/1999	3	0.8	3.5	2.3
22/11/1999	5	-1.7	3.5	-2.5
23/11/1999	9.4	-3.4	5.2	-5
24/11/1999	14.1	-0.9	8.4	-2.5
25/11/1999	9.8	-2.2	6	-4
26/11/1999	9.2	-2.1	5.3	-4
27/11/1999	9.7	-3.1	5.3	-5.8
28/11/1999	8.2	-3.1	4.2	-5.2
29/11/1999	10	-3.7	5.8	-6.5
30/11/1999	8.3	-3.8	5.4	-5
01/12/1999	6.4	-3.7	3.7	-5.5
02/12/1999	8.9	-2.1	6.3	-3
03/12/1999	3.7	-2	3	-3
04/12/1999	8	0.1	7.8	0
05/12/1999	11.4	-1.6	9.8	-1.7
06/12/1999	9.7	-3.8	7	-4.5
07/12/1999	7.8	-4	5	-5
08/12/1999	4.9	0	4	-1
09/12/1999	3.9	2.6	3.2	2.5
10/12/1999	4.1	0	3.4	0.5
11/12/1999	7.8	-2.7	4.2	-3
12/12/1999	6.2	-0.1	5.5	-0.3
13/12/1999	14.1	-0.7	12.7	-1.8
14/12/1999	7.9	-1.3	6	-1
15/12/1999	4.4	-0.7	4	-2
16/12/1999	3.9	-0.5	3.8	0
17/12/1999	4.8	-3.3	2.8	-3.7
18/12/1999	3.1	-4.7	2.7	-4
19/12/1999	2.6	-0.2	2.9	0.5
20/12/1999	8.1	-2	12.5	-3
21/12/1999	7.3	-5.1	4	-6
22/12/1999	4	-6.5	2.1	-7.7
23/12/1999	2.2	-7.3	0.8	-8.2
24/12/1999	4.3	-5.4	2	-6.5
25/12/1999	1.6	-1.8	0.9	-2
26/12/1999	2.5	-2.7	1.2	-3
27/12/1999	8.8	-1.1	6.5	-2.1
28/12/1999	12.5	0.8	9.8	0
29/12/1999	8.2	-0.6	6.8	-1
30/12/1999	9.1	-4.3	5.2	-5
31/12/1999	4.7	-5.7	3	-7
01/01/2000	4.4	-6.4	2.5	-7.5
02/01/2000	4.5	-5.9	3.5	-6.5
03/01/2000	6.6	-6.6	3.8	-7
04/01/2000	8.1	-5.2	4.9	-6
05/01/2000	9.5	-2.3	7.2	-2.8
06/01/2000	6.9	-3.3	5	-4
07/01/2000	7.3	-2.3	4.8	-3
08/01/2000	8.4	-4.3	6.1	-4.5
09/01/2000	5.8	-2.8	4.6	-3.3
10/01/2000	5.5	-4.6	3.2	-3.5
11/01/2000	3.5	-4.8	2.5	-4.8
12/01/2000	0	-2.9	-1	-3.2
13/01/2000	2.5	-0.9	2.1	-1.9
14/01/2000	2.5	0	2.1	-0.5
15/01/2000	8	-1.3	5.2	-1
16/01/2000	1.4	-2.7	1.8	-2
17/01/2000	6.5	-1.6	6	-1.8
18/01/2000	17.3	-2.3	11.6	-2.5
19/01/2000	10.5	-1.5	8.5	-1.3
20/01/2000	7.9	-3.8	6	-4.3
21/01/2000	9.7	-2.8	9	-3.5
22/01/2000	8.4	-3.4	7.2	-4
23/01/2000	12.2	-0.9	9.3	-3
24/01/2000	5.9	-3.8	4.3	-5.5
25/01/2000	2.3	-5.6	1.3	-6
26/01/2000	3.1	-7.7	1.5	-9.3
27/01/2000	5.7	-7.7	4	-9.2
28/01/2000	5.8	-5.2	4.9	-6.5
29/01/2000	3.9	-2	4.8	-2
30/01/2000	13.4	-3.2	10.3	-4
31/01/2000	14.8	-1.5	14	-1.9
01/02/2000	7.3	0.2	7.3	0.8
02/02/2000	7.3	4.1	7	5
03/02/2000	15.9	0.7	12	1
04/02/2000	5.5	-1.2	4.5	-1
05/02/2000	11.8	-0.5	10.5	0
06/02/2000	9.6	0.2	8.5	0
07/02/2000	12.6	0.1	11.5	0
08/02/2000	10.1	2.3	9.7	2
09/02/2000	17.3	0.4	15.5	1.5
10/02/2000	14.7	-1.3	13.5	-2.5
11/02/2000	10.7	0.3	10.2	-0.5
12/02/2000	13.3	0.3	12.5	2
13/02/2000	11.6	-2	10	-3
14/02/2000	17.3	-2	17	-3
15/02/2000	12.6	0.7	12.5	0.6
16/02/2000	14.1	3.5	13.5	2
17/02/2000	12.4	0	12	-2.2
18/02/2000	11.6	-4.1	11.5	-5
19/02/2000	14.4	-2.4	13	-3.5
20/02/2000	14	-1	14	-3
21/02/2000	11.7	-3.2	12.5	5.9
22/02/2000	9.2	-1.7	9.9	-1.2
23/02/2000	9.6	-3.6	9.8	-4.5
24/02/2000	11.6	-3.7	11.3	-4.8
25/02/2000	14.3	-0.8	13.8	-1.3
26/02/2000	9.5	2.7	9.2	2.8
27/02/2000	12.3	4.8	12.8	5
28/02/2000	11.4	5.1	12.3	4.5
29/02/2000	10.1	6.5	9.5	6.8
01/03/2000	9.4	2.8	9	3
02/03/2000	15.4	0.1	16.7	0.5
03/03/2000	14.5	-1.6	15.2	-2
04/03/2000	16.3	1.2	17	1
05/03/2000	14	-1.2	15.2	-2
06/03/2000	13.3	-1.9	15	-2.2
07/03/2000	14.2	-0.3	14	-1.5
08/03/2000	19.9	-0.4	21	-0.8
09/03/2000	23.7	2.9	25	3.2
10/03/2000	23.8	2.3	25.8	2.5
11/03/2000	18.5	3.6	20	4
12/03/2000	17.3	2.6	18	2
13/03/2000	17.7	4.7	19	2.5
14/03/2000	20.9	2.5	21	1.5
15/03/2000	19.7	4.5	20.5	4
16/03/2000	21.4	2.2	22.5	1.5
17/03/2000	22	2	23	1
18/03/2000	16.6	2.8	17	2
19/03/2000	16.3	6.2	17.2	6
20/03/2000	13.5	2.9	15.2	3.5
21/03/2000	13.4	3.7	18.8	-0.5
22/03/2000	19.4	0.4	20	0
23/03/2000	15.9	1.4	16.3	0.8
24/03/2000	13.3	6.3	13.2	6.2
25/03/2000	16.9	8.9	17.8	8
26/03/2000	15.6	6.9	15.4	7.6
27/03/2000	13	2.3	12	4
28/03/2000	9.1	1.1	9.5	1
29/03/2000	11	2.7	11	3.5
30/03/2000	17	0.2	18.7	1
31/03/2000	15.2	1.9	16	1.5
01/04/2000	15.4	4.8	17.3	5.5
02/04/2000	14.3	3.2	15.4	3.2
03/04/2000	9.3	6.9	9.1	8.5
04/04/2000	8.9	6	9	7
05/04/2000	20.2	2.6	22	3.5
06/04/2000	16.7	7	18	8.9
07/04/2000	15.1	4.7	17	6.7
08/04/2000	19.5	1.6	21.3	2.8
09/04/2000	14.3	4.9	14.8	5
10/04/2000	10.1	6.2	10.5	7
11/04/2000	13.7	7.3	14	8.2
12/04/2000	21.2	8.3	21	8.5
13/04/2000	18.6	5.5	19.6	5.6
14/04/2000	19.2	7.6	21	8
15/04/2000	19.8	7.9	22.1	11
16/04/2000	16.7	6.2	17	6.2
17/04/2000	10.3	7.2	10.4	8
18/04/2000	14.8	7.1	15.8	9.5
19/04/2000	21.3	5.8	22	6
20/04/2000	24.3	7.9	25	7.5
21/04/2000	26.5	8.7	26.7	9.5
22/04/2000	25.7	9.5	26.9	10
23/04/2000	23.1	10.4	22.4	10.5
24/04/2000	20.2	9.1	21.5	12
25/04/2000	22.4	6.9	24	8
26/04/2000	23.7	7.8	24	8.2
27/04/2000	22.1	10.8	22.8	11.5
28/04/2000	15.1	13.1	17.5	14
29/04/2000	19.4	12.8	19.9	13.7
30/04/2000	20.7	12.1	20.8	13.3
01/05/2000	26.2	10.8	25.5	11
02/05/2000	23.8	11.9	24.9	13
03/05/2000	24.8	11.9	25	13.5
04/05/2000	24.5	12.8	25	14
05/05/2000	22	12.4	21.6	12.7
06/05/2000	17.4	13.7	17.3	15
07/05/2000	18.5	14.3	17.5	14.9
08/05/2000	22.6	13.9	22	15
09/05/2000	20.6	12.4	20.7	8
10/05/2000	19	15.7	19.4	16
11/05/2000	20.9	14.5	19	15
12/05/2000	23.7	13.3	24	8.9
13/05/2000	24.9	12.1	25	12.8
14/05/2000	25	14.3	25	9.7
15/05/2000	26.5	13	26	14
16/05/2000	27	13.1	26.2	13.3
17/05/2000	27	12.3	26.8	12.2
18/05/2000	23.8	14.2	23.2	14
19/05/2000	25.1	12.8	25	13
20/05/2000	23.7	11.7	22.8	11
21/05/2000	20.2	11.9	18.2	11.8
22/05/2000	25.2	11.8	25	12
23/05/2000	24.9	10.3	24	12
24/05/2000	23.4	15.6	24	17
25/05/2000	27	13.4	27	14.4
26/05/2000	28.3	12.9	28	14
27/05/2000	22.3	13.6	22.8	14.3
28/05/2000	23.7	14.8	23	11.4
29/05/2000	26.4	13.1	26.3	14
30/05/2000	20.9	13.1	19.8	13.5
31/05/2000	25.9	14.8	25	15
01/06/2000	26.6	14.4	25	14.9
02/06/2000	27.8	15.1	26.2	15.2
03/06/2000	29.4	17.5	28.2	17.5
04/06/2000	30.9	17.6	29.2	18
05/06/2000	29	14.6	29.1	16
06/06/2000	26.3	15.6	26	16.3
07/06/2000	27.5	14.2	22.5	14.7
08/06/2000	22.9	16.1	23	17.4
09/06/2000	28.3	15.8	28.4	16
10/06/2000	27.6	16.2	22	17.5
11/06/2000	19.7	17.6	20.1	18
12/06/2000	23.8	16.9	24.5	17.5
13/06/2000	25.7	16.3	25.5	18
14/06/2000	28.5	15.5	28	16.7
15/06/2000	31.1	15.6	30	17
16/06/2000	31.3	15.8	30.4	17
17/06/2000	28.4	15.5	28	17
18/06/2000	26.6	15.6	26	17.3
19/06/2000	28.8	15.1	29	15.8
20/06/2000	30.8	13.9	31	14.8
21/06/2000	30.1	14.8	30.4	15
22/06/2000	28.4	17	28.9	17
23/06/2000	27.4	17.8	28	19
24/06/2000	27.5	17.2	28	18.5
25/06/2000	27.2	15.1	27.5	15.8
26/06/2000	26.9	14.8	25.7	17
27/06/2000	27.1	15.7	27	17
28/06/2000	27.2	16.4	28	17
29/06/2000	28.8	17.4	29	17.8
30/06/2000	29.2	16	29.9	17.7
01/07/2000	28	17.5	29	18.3
02/07/2000	29.5	18	30	18.6
03/07/2000	29.1	17.8	28.5	18.8
04/07/2000	29.9	19.7	30.7	22
05/07/2000	30.6	17.4	31.2	19
06/07/2000	31.4	16.6	31.6	17.2
07/07/2000	30.7	17.2	31	18
08/07/2000	31.7	17	32.5	18.3
09/07/2000	28.1	13.2	28.5	13.8
10/07/2000	22.6	12.8	22	13.5
11/07/2000	24.9	10.9	25	12
12/07/2000	23.6	10.3	22.4	10
13/07/2000	25.6	11	25	11
14/07/2000	24.6	12.4	24.5	12.9
15/07/2000	25.2	12.9	25.3	13
16/07/2000	25.5	11.2	25.3	11.8
17/07/2000	25.5	10.9	26.3	11.3
18/07/2000	27.2	13	26.5	12.6
19/07/2000	28.6	13.7	28.1	13.5
20/07/2000	28.1	15.3	27.1	15.6
21/07/2000	28.9	16.1	28	17
22/07/2000	29	17.3	28.9	17.1
23/07/2000	28.1	19	27	18.9
24/07/2000	25	19	24	19.3
25/07/2000	26.8	18.4	27	19
26/07/2000	27.4	17.7	27.5	18.9
27/07/2000	29.9	16.9	29	18
28/07/2000	31.1	16.9	31	15
29/07/2000	29.9	14.1	30	14
30/07/2000	29.2	14.2	29.4	15
31/07/2000	29.1	14.1	29	18
01/08/2000	31	16.9	30.8	18
02/08/2000	30.9	15.9	31	15.8
03/08/2000	26.3	18.5	26	18.3
04/08/2000	23.4	16.2	22	16.5
05/08/2000	22	14	20	15
06/08/2000	24.1	15.7	23	16.1
07/08/2000	29.3	14.4	28	15
08/08/2000	29.2	15.5	29.3	16
09/08/2000	27.3	18	26.3	18.9
10/08/2000	29.4	16.6	29	17
11/08/2000	30.5	18.4	30	19.6
12/08/2000	28.8	18	29	19
13/08/2000	27	17.5	26.7	19
14/08/2000	33.1	17.3	30.6	18.4
15/08/2000	31.9	17.9	31.2	18.8
16/08/2000	32	19.1	31.4	20.3
17/08/2000	32.6	20	32	19.9
18/08/2000	31.7	19.5	31	20.2
19/08/2000	33.7	18.8	32	20
20/08/2000	33.5	17	32	17.2
21/08/2000	29.9	17.7	29	17.6
22/08/2000	32.2	17.6	31.5	18
23/08/2000	33.1	18.7	31.5	18.6
24/08/2000	33.1	18.1	32	18.5
25/08/2000	34.2	18.8	33.5	19.8
26/08/2000	31.2	18	31	18.2
27/08/2000	25.6	18.9	25	21
28/08/2000	28.4	16.1	33.5	17
29/08/2000	27.6	18	27.4	18
30/08/2000	21.6	17.3	21.3	18
31/08/2000	23.5	15.3	23	18.5
01/09/2000	27.7	13.4	27	14.5
02/09/2000	28.2	14.2	27.5	15
03/09/2000	27.7	12.7	27.5	12.2
04/09/2000	25.9	14.8	26	15.2
05/09/2000	25.7	12	25.2	13
06/09/2000	26.3	10.8	26	11
07/09/2000	26.8	14.7	27	15.5
08/09/2000	25.2	12	25	13.5
09/09/2000	25.4	11.2	26	11.9
10/09/2000	27.5	11.4	22	12
11/09/2000	28.2	12.1	28	13
12/09/2000	27.7	13.4	22.5	13.8
13/09/2000	28.4	14.6	27.8	16
14/09/2000	27.8	14.2	27.2	15
15/09/2000	28.5	14.8	28	15
16/09/2000	27	16.2	27	17
17/09/2000	27.7	16.2	27.5	16
18/09/2000	25.4	16.1	25	17.2
19/09/2000	24.8	16.8	23.3	17.3
20/09/2000	24.4	16.2	24	11.5
21/09/2000	24.8	11.8	23.7	13.5
22/09/2000	26.2	9.9	24.9	10
23/09/2000	24.1	9.2	23.8	10.2
24/09/2000	23	15.5	22.1	15.5
25/09/2000	23.8	14.7	23.6	13.6
26/09/2000	24.3	13.8	23	15
27/09/2000	24.4	13.2	24	9
28/09/2000	24.2	13.7	23.5	16.4
29/09/2000	21	12.3	21.8	13
30/09/2000	17.2	14.3	18	14.5
01/10/2000	19.4	12.6	18	14.5
02/10/2000	16.9	12.3	17	13
03/10/2000	22.3	13.1	21.5	13.5
04/10/2000	23.7	13.7	22	14.2
05/10/2000	22.4	15.4	22	16
06/10/2000	21.1	10.2	20	12
07/10/2000	19.9	7.1	18.8	7.5
08/10/2000	20.3	4.7	18.8	5
09/10/2000	19.7	6.3	18.4	7.3
10/10/2000	13.4	9.4	13.1	11.5
11/10/2000	12.7	10.2	12.7	10.4
12/10/2000	12.6	10.8	13	11.8
13/10/2000	14.5	12.4	14.7	13
14/10/2000	17.3	14.5	18	14.8
15/10/2000	16.6	11.8	17.3	13
16/10/2000	13.7	11.5	13.8	12
17/10/2000	17.6	9.4	15.8	11
18/10/2000	19.7	8.2	17	9.2
19/10/2000	17.3	7.9	16.8	8
20/10/2000	18	11.9	17	12.8
21/10/2000	16.9	10.4	16.8	12
22/10/2000	15.5	8.7	15	9.8
23/10/2000	18	6.9	16.3	8.3
24/10/2000	17.7	6.8	17	7.6
25/10/2000	14.8	11	14.5	11.8
26/10/2000	18.2	8.8	17	10.5
27/10/2000	18.4	7.7	16.3	10
28/10/2000	15.2	10.5	14.9	11.2
29/10/2000	15.9	11.7	15.2	12.1
30/10/2000	13.5	11.6	13.2	11.9
31/10/2000	13.8	10.3	14	11
01/11/2000	17.3	6.9	16	7
02/11/2000	11.2	6.2	10.9	7.7
03/11/2000	10.7	7.3	10.5	9
04/11/2000	12.9	5.4	11	6.5
05/11/2000	11.6	1.6	10.2	3
06/11/2000	7.9	2.1	8	2.6
07/11/2000	9.8	2.2	9.2	3
08/11/2000	11.2	3.9	11	5
09/11/2000	11.6	3.7	10.6	4
10/11/2000	11	2.1	10.1	4
11/11/2000	10.7	0	9.8	1.2
12/11/2000	6.9	5.1	7	6
13/11/2000	7.9	6.3	7.7	6.5
14/11/2000	10.1	7	9	7.2
15/11/2000	11.3	6.5	10.8	7
16/11/2000	9.1	7.3	9	8
17/11/2000	9.7	7.2	9.1	8
18/11/2000	13.7	4	10.2	4.8
19/11/2000	12.3	2.2	10	1.8
20/11/2000	7.7	4.6	7	4
21/11/2000	11.1	3.3	9.5	3
22/11/2000	8	3.4	8	3
23/11/2000	8.1	3.9	8.2	5
24/11/2000	8.3	4.3	8.4	5
25/11/2000	13.1	4	10.2	4
26/11/2000	10.8	3.8	9.5	7
27/11/2000	12.8	0.7	9.2	0
28/11/2000	10	0.2	7.2	-0.8
29/11/2000	6.9	0.5	6	-0.9
30/11/2000	11.6	1.2	8	0
01/12/2000	10.8	0.2	8.8	-0.9
02/12/2000	8.3	6.1	8	7
03/12/2000	8.2	6.7	7.6	6.8
04/12/2000	13.1	5.5	11.8	6.5
05/12/2000	11.6	2.5	10.1	4.6
06/12/2000	7.4	5.2	7.9	6.9
07/12/2000	8.1	7.2	8.2	7.9
08/12/2000	8.8	8	9	8.2
09/12/2000	10.8	8	10.3	9
10/12/2000	9.5	2.9	9.3	5
11/12/2000	10.5	3	9.5	3.2
12/12/2000	7.3	3.5	7.3	4.6
13/12/2000	10.4	6.2	10	7.2
14/12/2000	9.3	7	9.1	7.9
15/12/2000	11.5	3	10	0.6
16/12/2000	13.2	0.1	7.4	-1.4
17/12/2000	8.3	-1.2	6	-1.8
18/12/2000	8.4	-1.3	5	-2
19/12/2000	7.4	-1.2	5.2	-2
20/12/2000	4.4	1.2	4	0.2
21/12/2000	5.5	3.7	5.9	3.9
22/12/2000	6.6	0.3	5.2	-0.2
23/12/2000	4.5	-2.7	4	-3
24/12/2000	0.6	-3	0.2	-4.4
25/12/2000	2.9	-0.5	2	-0.8
26/12/2000	1.9	-0.9	2.1	0
27/12/2000	3	0.8	2.9	0.4
28/12/2000	8.8	-1.3	5.5	-1
29/12/2000	6.5	0.1	5.8	0
30/12/2000	6.3	-2.1	4.3	-2.8
31/12/2000	9	-1.6	5.5	-2.3
01/01/2001	4.4	-3.8	3	-4
02/01/2001	1.7	0.4	1.2	0.5
03/01/2001	2.2	-4.2	1	-1
04/01/2001	2.2	-1.6	2.2	-1
05/01/2001	2.2	-0.9	2.3	0
06/01/2001	4.5	2	4.5	2
07/01/2001	6	4	5.8	4.5
08/01/2001	9.3	4.2	8.4	5
09/01/2001	12.2	1.4	9.8	1
10/01/2001	8.7	3.5	8	3.5
11/01/2001	7.4	3.6	7	4
12/01/2001	7.4	2.7	6.9	4
13/01/2001	6.9	3.3	6.5	3
14/01/2001	3.6	-1	3	-1.5
15/01/2001	2.7	-3.7	2	-4
16/01/2001	3.7	-4.2	2.5	-5
17/01/2001	-0.2	-3.8	-0.2	-4.9
18/01/2001	3.6	-6.4	2.4	-3.2
19/01/2001	6.2	-0.9	5	-0.3
20/01/2001	5.5	0.2	5.2	0
21/01/2001	9.1	-1.8	7	-2.4
22/01/2001	4.3	0.4	4	-0.5
23/01/2001	6.4	-0.5	5.5	1.5
24/01/2001	3.8	-0.5	4.8	1.5
25/01/2001	6.1	3.3	5.4	3.5
26/01/2001	9.5	4.5	8.8	4
27/01/2001	8.4	1.1	7.5	1.8
28/01/2001	3.4	-1.6	3.5	-1.5
29/01/2001	10.4	2.5	9	2.8
30/01/2001	10.8	0.8	9.2	0
31/01/2001	10.5	-1	8.2	-2
01/02/2001	8.9	-1.5	8	-2
02/02/2001	7.7	-3.7	6	-5
03/02/2001	5.8	-3.5	5	-4.5
04/02/2001	6.5	1.4	6	1.5
05/02/2001	7	3.2	7	3.5
06/02/2001	9.3	5.5	8.8	5.5
07/02/2001	7.7	6.2	7.5	6.5
08/02/2001	7.3	6.4	7.3	6.8
09/02/2001	9.8	5.8	8.7	6.5
10/02/2001	16.2	3.4	14.2	4
11/02/2001	15.2	0.7	13.5	0
12/02/2001	14.8	0.6	13	0
13/02/2001	15.3	1	13.5	0.5
14/02/2001	13.1	2.6	14	3.5
15/02/2001	13.1	0.6	13	0.3
16/02/2001	15	-0.1	15	-0.8
17/02/2001	10.8	-0.3	12.5	0
18/02/2001	15.5	3.5	15.3	3
19/02/2001	12.4	0.7	12	0.5
20/02/2001	15.4	-0.4	15	0
21/02/2001	14.7	0.3	14.3	0
22/02/2001	21.2	-0.1	21	0.2
23/02/2001	20.8	1	20.5	1
24/02/2001	9.2	0.4	10.2	0.3
25/02/2001	6	1.3	6.8	2
26/02/2001	9.1	-2.4	10.5	-2.2
27/02/2001	4.1	-3.4	4.5	-4.3
28/02/2001	1.8	-1.3	1.5	-1.5
01/03/2001	4.8	-6.3	5.8	-3.2
02/03/2001	1.9	-4.8	2.5	-5.5
03/03/2001	6.1	0.7	6	0.8
04/03/2001	6.6	2.1	5.8	-3
05/03/2001	12.6	3.7	13	4
06/03/2001	9.8	3.5	10	3
07/03/2001	10.1	7.5	10.5	8
08/03/2001	8	3.5	8	5
09/03/2001	15.5	2.6	17	4
10/03/2001	12.8	4.2	13	5
11/03/2001	10.1	4.9	11	6
12/03/2001	10.7	8.6	10.5	9
13/03/2001	19.2	7.1	20.5	8
14/03/2001	22.5	4.9	23.5	3.5
15/03/2001	19.3	3.9	21	4.6
16/03/2001	15.4	5.2	16	5.5
17/03/2001	11	5.8	12	9
18/03/2001	14.5	2.9	15	8.5
19/03/2001	20.4	4.4	22	4
20/03/2001	17.7	4.7	20	4.5
21/03/2001	12.8	6.2	12.5	6
22/03/2001	24.5	9.1	25	10
23/03/2001	20.7	7	22.5	6.7
24/03/2001	18.8	6.8	19.5	7
25/03/2001	22.8	10.4	24.5	10.5
26/03/2001	20.9	6.2	24.5	6
27/03/2001	20.3	7	22	6.5
28/03/2001	11	9.8	11	9.5
29/03/2001	11.2	8.7	11.5	8
30/03/2001	15.2	7.3	16	7.5
31/03/2001	18.9	7.7	21	8.4
01/04/2001	18	5.8	20	6
02/04/2001	19.2	6.2	20.5	6.5
03/04/2001	19.1	7.3	20	7
04/04/2001	17.5	6.4	19.5	6
05/04/2001	18.7	6.2	21	6.5
06/04/2001	19.2	4.3	21	5
07/04/2001	11.6	5.2	12	6
08/04/2001	20	5.2	22	5
09/04/2001	20.4	4.9	22	3.8
10/04/2001	17.7	5.3	18	4.8
11/04/2001	14.2	8.5	15	8.8
12/04/2001	21.6	7.5	23.5	8
13/04/2001	19.8	7.3	21.5	7.5
14/04/2001	12.3	3	14.5	4.5
15/04/2001	15.4	1.1	17	1.5
16/04/2001	17.9	3.3	19	4
17/04/2001	18.1	4.2	19.5	4
18/04/2001	17.3	4.4	18	5
19/04/2001	17.5	5.4	18.5	5
20/04/2001	12.9	6.9	14	5.7
21/04/2001	12	4.4	12.5	3.5
22/04/2001	16.6	3.9	17.5	4
23/04/2001	16.2	3.4	15.5	3.5
24/04/2001	18.7	3.6	20	3.5
25/04/2001	12	7.1	12	7
26/04/2001	21.8	8	22	8
27/04/2001	16.6	7	16	7.5
28/04/2001	22	6.9	23	6
29/04/2001	22	8.9	22	9
30/04/2001	16.7	11.3	17	11.5
01/05/2001	15.9	11.5	15	11
02/05/2001	19.7	11.7	21	12
03/05/2001	19.6	12.3	20	13.5
04/05/2001	18.7	11.5	19	10.8
05/05/2001	18.7	11	19	11.5
06/05/2001	22.3	10.8	23	10.8
07/05/2001	22	13.2	22.3	13.5
08/05/2001	26.3	13.5	26	14.3
09/05/2001	22.5	14.4	23	15.5
10/05/2001	24.5	13.1	25	14
11/05/2001	22.6	12	23.5	14
12/05/2001	26.7	10.5	27	11.8
13/05/2001	24.6	10.5	24.5	11.5
14/05/2001	18.4	13.3	18	14.2
15/05/2001	18.3	13.4	19.5	14
16/05/2001	21.2	14.2	21.5	15
17/05/2001	21.9	12.3	21.5	13
18/05/2001	24.3	11.6	24.5	13
19/05/2001	23.1	10.1	24	10.2
20/05/2001	21.4	11	22.5	11
21/05/2001	15.8	13.2	16	13
22/05/2001	23	13.1	22	13
23/05/2001	23.4	13.4	23.8	14
24/05/2001	26.1	15.5	24.9	16.5
25/05/2001	28.3	14.2	28	14
26/05/2001	28.5	16.2	28	16.8
27/05/2001	29.9	14.2	30	15
28/05/2001	30.6	15.5	31	16
29/05/2001	31.4	16.4	32	17
30/05/2001	29.1	16.9	30	17.5
31/05/2001	30.2	16.2	30	17
01/06/2001	27	14	27.5	15.5
02/06/2001	24.3	13.4	23	14
03/06/2001	24	10.1	24.5	14
04/06/2001	24	6.9	24	7.7
05/06/2001	25.2	9.3	25.5	9.5
06/06/2001	25.5	12.5	23.5	13
07/06/2001	26.3	12.7	27	13
08/06/2001	24.1	13.8	24.5	14
09/06/2001	24.9	16.2	26	17
10/06/2001	25.4	16.7	24.5	18.5
11/06/2001	25.9	11.6	27	14
12/06/2001	24.1	9.1	23.5	10
13/06/2001	24.8	10.6	25	11
14/06/2001	28.9	11.9	23.5	12.5
15/06/2001	27.3	12.9	28	13.3
16/06/2001	26.3	16.9	27	18
17/06/2001	26.4	12.8	28	9
18/06/2001	27	10.7	27	11
19/06/2001	27.1	12.2	28	12
20/06/2001	29.1	11.9	28.5	12.7
21/06/2001	30.2	12.6	30	13
22/06/2001	26	13.9	28	15
23/06/2001	29.5	14.4	30	15.2
24/06/2001	31.5	15.3	31	16.3
25/06/2001	32.8	16.9	32.2	18
26/06/2001	32	17.7	31	18
27/06/2001	32	19.6	32	22
28/06/2001	25.2	17.6	24	19
29/06/2001	30.6	15.5	30.5	16.2
30/06/2001	31.1	17.2	31	18.5
01/07/2001	31.1	18	32	19.2
02/07/2001	30.6	17.2	30.5	18
03/07/2001	30.4	17.2	30	18
04/07/2001	25.9	18.2	20	15.5
05/07/2001	29.8	17.3	29	19.5
06/07/2001	29.5	16.5	29	18.5
07/07/2001	25.9	16.2	25.5	17
08/07/2001	29.5	14.4	29.5	15
09/07/2001	29.3	16	29	16.8
10/07/2001	28.1	18.5	28	19.5
11/07/2001	28.8	16.3	28.5	17
12/07/2001	30.6	16.6	30.5	17.5
13/07/2001	28.2	18.7	27.5	19.8
14/07/2001	30.2	17.1	29.5	18
15/07/2001	27.3	15.9	27	19.5
16/07/2001	26.5	13.7	26	15
17/07/2001	28.4	13.9	28	15
18/07/2001	25.8	14.9	26	16
19/07/2001	26.4	15.9	26.5	17
20/07/2001	28.6	14.2	28.5	15.5
21/07/2001	29.1	12.5	28.8	12
22/07/2001	32.2	13.5	31.4	8.5
23/07/2001	31.9	15.7	32	15.6
24/07/2001	32.7	17.4	32	17.5
25/07/2001	30.9	17.2	31	18.8
26/07/2001	32.3	17.9	32.2	18.3
27/07/2001	33.3	19	33	20
28/07/2001	31	19.8	30	20
29/07/2001	32.9	18.7	31.5	19.7
30/07/2001	34.1	19.8	33.2	20.5
31/07/2001	33.2	19.9	32.2	21.3
01/08/2001	34.2	21	33.5	21.5
02/08/2001	33.2	21.8	32.8	22.6
03/08/2001	32.7	21.3	31	22.5
04/08/2001	30.6	21.3	30.4	22.3
05/08/2001	30.9	19.1	30	20
06/08/2001	28.9	16.9	28.7	17.7
07/08/2001	31.5	16.9	31	18
08/08/2001	28.7	18.2	27.2	19
09/08/2001	29.1	21.5	28.5	22
10/08/2001	31.7	19.4	30.2	21
11/08/2001	27.5	15.2	28	16.5
12/08/2001	28.1	13.8	27	10
13/08/2001	29.1	14.9	28.8	19
14/08/2001	31.3	15.4	31	16
15/08/2001	32.6	16.6	32	17
16/08/2001	32	18.6	30.5	19
17/08/2001	31.9	18.7	31	20.5
18/08/2001	30.7	15.9	30	17
19/08/2001	30.9	18.7	31	20
20/08/2001	30.1	19.5	28.7	20.5
21/08/2001	31.8	16.5	31	17
22/08/2001	31.7	16.9	31	17
23/08/2001	32.7	17.7	32	18.7
24/08/2001	32.7	18.4	32	19
25/08/2001	33.1	20	32.5	21
26/08/2001	33.6	19.5	33	20
27/08/2001	34.6	19.8	33.2	20
28/08/2001	33.2	19.3	33.8	20
29/08/2001	33.2	19	33.5	20
30/08/2001	24.8	18.4	25	19.7
31/08/2001	24.5	16.7	24.5	16.5
01/09/2001	18.5	12.4	18.7	13.5
02/09/2001	25	10.6	24.5	11
03/09/2001	25.7	12	20.8	12.8
04/09/2001	26.2	14.4	25	15
05/09/2001	27	12.6	26.8	13.3
06/09/2001	25.9	8.7	25	9.5
07/09/2001	28.4	10.1	27.2	10.3
08/09/2001	28.8	14	28	9
09/09/2001	25.9	9.8	26.5	12
10/09/2001	23.1	7.3	22.8	7.5
11/09/2001	23	6.9	23	7.4
12/09/2001	25	6.7	24	7
13/09/2001	23.7	9.1	23	10
14/09/2001	21.8	9.4	21	11
15/09/2001	23.4	6.6	23	7
16/09/2001	24.6	7.9	23.5	8.8
17/09/2001	21.9	5.7	21	7
18/09/2001	20.2	5.3	20	6
19/09/2001	18.5	8.5	19	10
20/09/2001	19.6	8.9	19	11.2
21/09/2001	21.4	9.3	21	10
22/09/2001	17.3	11.1	16.5	12.8
23/09/2001	15.3	14.3	15.5	14.7
24/09/2001	19.8	13.9	18.3	14.9
25/09/2001	23	12.5	22	14.5
26/09/2001	23	9.7	21.4	11
27/09/2001	22.1	8.3	20.5	8.5
28/09/2001	22	10	21	9.5
29/09/2001	17.7	11.2	17	12
30/09/2001	21	11.6	20	14
01/10/2001	23.2	11.2	22.3	11.6
02/10/2001	21.9	15.9	21.8	16.8
03/10/2001	23	16	22.9	17
04/10/2001	21.7	15.8	21	17
05/10/2001	23.8	14.3	22.5	16
06/10/2001	22.1	12	21	13.5
07/10/2001	20.1	14.9	19.2	16.8
08/10/2001	24	13.5	23	15.5
09/10/2001	21.8	11.9	21	13
10/10/2001	23.6	13	21.5	15
11/10/2001	25.2	10.7	22.5	10.8
12/10/2001	25.6	10.5	22.5	10.7
13/10/2001	24.4	10.5	22.5	11
14/10/2001	23.6	9.7	22	11
15/10/2001	22.7	11.2	21	11.3
16/10/2001	22.2	11.5	20.8	11.6
17/10/2001	20.5	9.8	19	11
18/10/2001	20.5	11.2	18.5	11.7
19/10/2001	18	13.5	17	13.2
20/10/2001	16	15.1	16	15
21/10/2001	20.4	11.7	18.5	12
22/10/2001	18	9.8	16.3	10.3
23/10/2001	18.1	11.6	17.5	12.5
24/10/2001	19.5	10.9	18	11
25/10/2001	18	9.1	17	9.4
26/10/2001	16.4	9.4	15.3	9.5
27/10/2001	14.3	9.3	13	9.5
28/10/2001	13.3	8.2	12.5	8
29/10/2001	17.2	8	15.5	8
30/10/2001	19.1	9.4	16	9.8
31/10/2001	14.5	10.8	13.8	11.4
01/11/2001	19.2	7.8	18	8
02/11/2001	15.9	5.7	15	6
03/11/2001	15.1	3.2	14	3
04/11/2001	15.2	2.2	13	1.7
05/11/2001	12.7	2.2	12	2.5
06/11/2001	14.4	6.5	13	6.5
07/11/2001	8.4	6.2	9	6
08/11/2001	8.1	5.8	8.3	5.8
09/11/2001	12.2	3.5	11	4.2
10/11/2001	9.7	3.3	9.2	4
11/11/2001	5.8	4	6.2	5
12/11/2001	10.8	5.8	11.2	6
13/11/2001	13.6	9.1	12.8	8.7
14/11/2001	12.5	8.5	12.2	8.3
15/11/2001	9.3	2.2	9	1.5
16/11/2001	14.2	1.5	11	1.2
17/11/2001	10.4	0.1	9.8	-0.3
18/11/2001	6.9	0	7	-0.2
19/11/2001	6.5	3.5	7.1	4.2
20/11/2001	9	0.3	6	1
21/11/2001	3.3	0.8	3.3	1.5
22/11/2001	6.8	1	7	1
23/11/2001	11.2	-0.6	10.4	0.8
24/11/2001	9.4	-3.5	7	-4
25/11/2001	12.2	-2.2	9	-3
26/11/2001	10.1	-0.9	9	-1.2
27/11/2001	6.6	4	6.5	4.8
28/11/2001	8.7	1.1	8.2	3.5
29/11/2001	13.3	-0.9	10	0
30/11/2001	11.6	-0.6	9.8	-0.7
01/12/2001	10.6	2.9	10.1	3.5
02/12/2001	11.4	0.7	9.3	0.8
03/12/2001	6.8	-1.9	5.5	-1.4
04/12/2001	5.9	-0.2	6	0.3
05/12/2001	11	0.8	9	0.5
06/12/2001	9.7	-1.2	7.5	-1.8
07/12/2001	12.4	-0.6	8.3	-2.1
08/12/2001	8.3	-2	7	-3.5
09/12/2001	-0.2	-4.3	1	-5
10/12/2001	3.3	-5.6	1	-6
11/12/2001	5	-5.6	3	-6.5
12/12/2001	6.2	-4.5	3	-5.7
13/12/2001	6.9	-5.3	4	-6.7
14/12/2001	0.9	-3.6	1	-4
15/12/2001	2.6	-6	2.3	-6.1
16/12/2001	3.7	-6.4	3	-7.8
17/12/2001	3.5	-8.1	1	-8.7
18/12/2001	3.2	-8.5	1	-9
19/12/2001	5.2	-7.6	2.4	-8.2
20/12/2001	4.9	-4.8	3	-5
21/12/2001	4.4	-6.6	2.4	-7.8
22/12/2001	5.2	-6.8	3.7	-7.2
23/12/2001	6.5	-7.2	3.1	-7.3
24/12/2001	4.6	-7.4	2.8	-7.5
25/12/2001	4.4	-9.3	2	-10
26/12/2001	6.6	-3.8	5	-5
27/12/2001	8.5	-7.8	6	-8.5
28/12/2001	7.5	-7.2	4.5	-8
29/12/2001	4.1	-6.1	3	-6.2
30/12/2001	9.4	-1.8	7	-1
31/12/2001	9.4	-3.6	8.2	-2
01/01/2002	7.3	-8.1	4	-8.3
02/01/2002	7	-10.2	3	-10.5
03/01/2002	2.3	-9	2	-9.2
04/01/2002	6.2	-7.3	3	-8.5
05/01/2002	5.7	-9.7	2	-10.5
06/01/2002	6.8	-8.8	3.7	-9.8
07/01/2002	1.2	-6.6	1	-7
08/01/2002	10	-5	6	-6
09/01/2002	8.9	-7.7	4.5	-8.5
10/01/2002	10.5	-7.6	6	-8.8
11/01/2002	8.6	-6.4	6	-7.8
12/01/2002	8.3	-6.9	5.5	-8
13/01/2002	3.7	-6.8	4.5	-7.6
14/01/2002	7	-5.2	5.9	-5.5
15/01/2002	4	-8.1	2.8	-8.8
16/01/2002	4.1	-7.2	2.6	-8.3
17/01/2002	4.2	-9.2	2.2	-8.5
18/01/2002	4.5	-8.7	2.5	-9
19/01/2002	5.5	-6.6	4.5	-8.2
20/01/2002	8.3	-6.7	6.7	-7.5
21/01/2002	11.7	-3.1	9	-3
22/01/2002	6.8	-0.5	6	0
23/01/2002	3.1	1	2.5	0
24/01/2002	3.9	-2	3	-1.5
25/01/2002	11.2	-3	7.2	-3
26/01/2002	12.5	-0.2	10.5	-1
27/01/2002	9.1	2.6	9.2	-1
28/01/2002	9.6	0.2	6.7	1
29/01/2002	4	1.1	3.5	1.5
30/01/2002	3.5	0.9	4	1.5
31/01/2002	5.8	2.9	6	3
01/02/2002	5.8	4.1	5.5	4
02/02/2002	4.1	0.7	3.5	0.5
03/02/2002	11.9	-1.3	9.5	-1.5
04/02/2002	8.7	-0.5	6	0
05/02/2002	4.7	0.3	3.8	0
06/02/2002	4.3	0.8	3.8	1
07/02/2002	7.5	0.1	7.5	0
08/02/2002	11.9	-0.7	10.3	-1.5
09/02/2002	13.1	0	11.8	-0.3
10/02/2002	16.2	0.3	14	0.5
11/02/2002	16.7	0	15	-0.5
12/02/2002	15.6	0.2	15.2	0
13/02/2002	12.8	0.1	13	0.5
14/02/2002	7	4.7	7	5
15/02/2002	6.4	2.5	6	3
16/02/2002	3.7	1.7	3.2	2.3
17/02/2002	8.9	3.3	8	3.5
18/02/2002	12.3	0.3	9.8	0.5
19/02/2002	15.5	0.7	15	0
20/02/2002	13.7	0.2	13.3	-0.9
21/02/2002	14.3	0.8	14.8	0.8
22/02/2002	11.5	-1.8	12	-2
23/02/2002	14.2	-0.3	14	-1
24/02/2002	15.2	0.6	16.2	1
25/02/2002	14.1	-0.9	14	-2
26/02/2002	10.8	1.6	10.8	1
27/02/2002	9.2	5.8	8	5.5
28/02/2002	13.1	4.5	13	5.5
01/03/2002	9.3	4.5	9.2	4.5
02/03/2002	9.2	7.7	8.8	7.8
03/03/2002	15.9	4.7	16.5	5.5
04/03/2002	14.8	2.4	16	1.5
05/03/2002	12.8	3.7	12.5	3.5
06/03/2002	11.1	6.5	10	7.5
07/03/2002	18.4	5.1	18	6.2
08/03/2002	15	4.1	14.9	4.7
09/03/2002	17.5	4.4	18	5.4
10/03/2002	20.7	5.2	21	4.5
11/03/2002	18	3.3	19	3.5
12/03/2002	18.3	4.4	18.2	4
13/03/2002	19.1	4.7	20	4.3
14/03/2002	11.9	5.5	11.7	5.4
15/03/2002	14.9	3.3	14.8	3
16/03/2002	16.6	4.4	16.8	3
17/03/2002	17.6	4.9	18	4.5
18/03/2002	19.4	7.3	20.5	7.3
19/03/2002	20.1	5.8	22	6.5
20/03/2002	29.3	6.2	30.5	6.7
21/03/2002	26.8	6.6	28	6
22/03/2002	24.1	8.3	26	9.5
23/03/2002	18.5	5.6	21	6
24/03/2002	15.4	2.1	17.2	2.3
25/03/2002	14.1	0.8	16.5	0.5
26/03/2002	16.3	-0.5	18.5	-1.3
27/03/2002	13.7	1.4	14.8	0.5
28/03/2002	14.2	1.9	16	2.3
29/03/2002	15.7	0.9	17	0
30/03/2002	11.6	3.2	12.7	2.5
31/03/2002	20.7	0.7	22.8	0
01/04/2002	21.1	1.2	22.5	0.5
02/04/2002	20.6	2.4	22.5	2.5
03/04/2002	19	4	20	4
04/04/2002	18.8	7.5	20	10
05/04/2002	19.3	5.6	21	7
06/04/2002	12.7	5.9	13	8
07/04/2002	13.4	6.9	12.2	6.8
08/04/2002	10.9	9.4	11	9.3
09/04/2002	9.6	6.9	9.3	7
10/04/2002	9.8	6.3	9.7	6.3
11/04/2002	7.5	4.4	7.2	5.8
12/04/2002	11.6	4.6	11.5	5.5
13/04/2002	13.4	6.7	15	9
14/04/2002	17.4	6.5	17.5	6.8
15/04/2002	16.3	9.2	17.3	9.8
16/04/2002	14.9	6.7	16	9
17/04/2002	18.7	5.1	20	4
18/04/2002	20.9	6.1	22.3	6.2
19/04/2002	19.9	8	21	8
20/04/2002	19.1	8.5	20	9.8
21/04/2002	20.4	9.2	21	9.2
22/04/2002	23.1	8.6	23.8	9
23/04/2002	23.2	8.6	23.5	8.7
24/04/2002	26.3	8	26	8
25/04/2002	22.3	12.6	23	13
26/04/2002	23.9	10.1	24.9	10
27/04/2002	25.2	11.9	22.3	2
28/04/2002	16.8	9.8	11.7	11
29/04/2002	20.9	9.6	20.5	11
30/04/2002	21.3	8.1	22	8.3
01/05/2002	20.9	9.4	21.6	10
02/05/2002	14.5	11.9	15	12.8
03/05/2002	18	12.3	16.4	12.5
04/05/2002	14.7	10.3	14.2	11
05/05/2002	14.4	7.6	14	8
06/05/2002	17.3	7.6	17	7.4
07/05/2002	20.4	9.2	20.7	9.3
08/05/2002	18	13.4	17	13.5
09/05/2002	21.6	13	20.7	14
10/05/2002	14.8	10.7	16	11.5
11/05/2002	20.1	10.5	19.5	11.3
12/05/2002	21.3	11	22.5	11.2
13/05/2002	24.1	12.2	23.5	12
14/05/2002	22.7	10.5	24	11
15/05/2002	25.4	11	24.7	11
16/05/2002	27	13	27	13
17/05/2002	28	12.7	28	13.5
18/05/2002	22.2	13.7	21.5	13.5
19/05/2002	25.5	12.2	25	13
20/05/2002	25.4	13	25	14
21/05/2002	23.8	14.9	NA	NA
22/05/2002	23.9	12.8	NA	NA
23/05/2002	18.6	14.4	17.8	15
24/05/2002	25.3	11	25	11
25/05/2002	25	12.3	25	13
26/05/2002	23.8	13.8	24	14.2
27/05/2002	20.5	12.1	20.8	15
28/05/2002	24.3	11.6	23.8	11.7
29/05/2002	25.9	11.1	25.5	11
30/05/2002	26.6	11.7	26.9	12
31/05/2002	27	12.7	27.2	12.9
01/06/2002	27.9	14.7	28	15.4
02/06/2002	29.2	15.8	28.5	10.6
03/06/2002	23.1	16.5	22	17
04/06/2002	23.7	15.1	23	15.5
05/06/2002	24.1	15.1	24	16.6
06/06/2002	18.2	13.1	13	9
07/06/2002	22.5	12	22.8	8
08/06/2002	20.9	14.8	20	15.3
09/06/2002	22.6	13.8	21.5	9.5
10/06/2002	28	12	28	12.7
11/06/2002	27.3	13.1	27	14
12/06/2002	28.1	13.9	28	9.2
13/06/2002	29.6	15.9	29.5	16.7
14/06/2002	31.8	16.6	31	17
15/06/2002	32.1	16.6	32	17
16/06/2002	32.8	17.9	32.3	18
17/06/2002	33.3	19.1	33	20
18/06/2002	34.2	18.4	34	20
19/06/2002	34.3	20.4	33.2	22
20/06/2002	31.6	22.3	30.8	23.7
21/06/2002	33.4	21.3	31	22.5
22/06/2002	34.1	22.3	34	23
23/06/2002	34.2	22.2	34	24
24/06/2002	33.1	19.9	32	20.5
25/06/2002	29.8	18.7	30	19.2
26/06/2002	28.1	19	27	20.5
27/06/2002	28.7	18.1	28.7	18
28/06/2002	30.1	17.1	28.5	19
29/06/2002	26.6	13.8	27	15.5
30/06/2002	25.8	15.9	26	17
01/07/2002	27	14	27.5	14.3
02/07/2002	27.3	17.6	27	18.5
03/07/2002	28.9	19	29.5	20
04/07/2002	30.3	16.3	31	18
05/07/2002	27.1	16.2	28	16.5
06/07/2002	24.8	14.9	24.7	15.5
07/07/2002	28.8	13.2	29.2	12.5
08/07/2002	30.1	16.8	30	17
09/07/2002	30.5	18.2	30	18.5
10/07/2002	30	18.5	30	18.5
11/07/2002	31.7	18	31.5	18
12/07/2002	31.6	17.7	31.5	18
13/07/2002	22.7	17.7	23	18.7
14/07/2002	21.3	16.8	21	17
15/07/2002	19.8	16.6	19	18
16/07/2002	23.3	16.3	22.4	17.5
17/07/2002	27.6	16.1	22.5	17
18/07/2002	29.8	15.2	29	17
19/07/2002	27.6	13.8	28	14.3
20/07/2002	29.7	16.5	29	16.8
21/07/2002	28.3	18	28	18.3
22/07/2002	30.4	17.4	30	18
23/07/2002	28.8	17.9	28	19
24/07/2002	31.6	19.8	30	20.8
25/07/2002	29.5	16.8	29	17.7
26/07/2002	28.8	16.2	28	17
27/07/2002	28	16.2	29	17
28/07/2002	29.5	18.8	30	19.3
29/07/2002	30.8	17.6	31.2	18
30/07/2002	31.5	18.8	31.2	20
31/07/2002	27.3	18	27.3	18.8
01/08/2002	24.4	16.4	24	16.6
02/08/2002	28.2	17.7	28	17.6
03/08/2002	28.7	16.2	29	17
04/08/2002	28.8	19.3	28.5	20
05/08/2002	29.9	17.6	29.5	18.2
06/08/2002	25.9	17.4	25	18
07/08/2002	30.2	15.2	30	15
08/08/2002	28.6	16.4	29	16
09/08/2002	24.3	17.6	24	18.3
10/08/2002	20.3	14.9	20	15
11/08/2002	19	14	18	14.8
12/08/2002	27.6	11.3	27.5	13
13/08/2002	29.7	13.5	28.8	15
14/08/2002	28.4	14.7	28.3	15
15/08/2002	29.1	16.3	29	17.3
16/08/2002	29.4	18	29.5	19
17/08/2002	29.9	18.4	29.5	19
18/08/2002	29.5	19.5	29	20.2
19/08/2002	29.7	19.3	29.5	19.2
20/08/2002	30.2	19.5	29.8	20.5
21/08/2002	27	19.8	26.5	20.5
22/08/2002	25.8	19.2	25	20
23/08/2002	21.4	18	21.4	18.3
24/08/2002	27.5	17.6	26.2	18
25/08/2002	23.6	18.6	24	19.2
26/08/2002	24.5	17.7	23.5	18
27/08/2002	26.1	17.1	25.5	17
28/08/2002	24.4	16.1	25.5	16.8
29/08/2002	28.1	16	28	17
30/08/2002	28.4	16.3	29	17
31/08/2002	28.1	17.3	26.5	18
01/09/2002	28.8	17.7	29	18
02/09/2002	24.7	17.6	24	18
03/09/2002	23.8	16.5	23.8	17
04/09/2002	19.1	14.7	19	16.5
05/09/2002	23	13.3	22.5	15
06/09/2002	24	15.3	24	15.6
07/09/2002	25.7	15	26	16
08/09/2002	23.8	16.2	22.5	17.5
09/09/2002	23.6	15.3	23	15.6
10/09/2002	26.6	15.5	24	15
11/09/2002	23.8	13.7	23	13.7
12/09/2002	23	15.1	22	16.7
13/09/2002	21.6	12.8	22	13
14/09/2002	22.8	11.2	22	11
15/09/2002	26.2	10.3	25.2	10.2
16/09/2002	21.6	12	20	12.4
17/09/2002	24.5	14.3	23.2	15
18/09/2002	24.8	13.8	24	14
19/09/2002	24.8	15.3	23.3	16
20/09/2002	26.2	14.4	25	14.8
21/09/2002	26.4	16.3	25	16.7
22/09/2002	22.7	16.9	22	17
23/09/2002	19.9	11.3	19	12
24/09/2002	18.8	10.3	17	10
25/09/2002	16.8	7.1	17	8.5
26/09/2002	23	6.5	20.5	6.5
27/09/2002	22.5	9.8	21.3	10.5
28/09/2002	19.9	6.5	20	7
29/09/2002	18.9	8.1	18.3	9
30/09/2002	20.9	5.4	19.5	5.5
01/10/2002	21.2	5.7	20	5.8
02/10/2002	21.2	6.3	20	6.5
03/10/2002	21.9	10.5	19.8	11
04/10/2002	19.8	8.9	19	9.5
05/10/2002	21.5	10.1	20.2	10.3
06/10/2002	21.2	9.4	19.3	10
07/10/2002	22.2	8.7	20.7	9
08/10/2002	17.2	9.1	16.8	10
09/10/2002	14.1	13.4	14.3	13.2
10/10/2002	14.3	13.3	14	13
11/10/2002	15.4	12.4	15.8	13
12/10/2002	23	10.1	20.8	10.5
13/10/2002	20.2	10.5	18	11
14/10/2002	16.2	10.5	15.5	10.5
15/10/2002	17.8	12.3	16.8	13.3
16/10/2002	15.5	12.3	14.5	11
17/10/2002	20	13.7	18.5	9.5
18/10/2002	22.4	7.1	20.5	8
19/10/2002	19.4	3.3	17.7	3.5
20/10/2002	17.3	4.4	15.5	3.7
21/10/2002	11.2	9.7	11	10.3
22/10/2002	14.7	9.1	13.7	9.8
23/10/2002	15.8	7.1	15	7.3
24/10/2002	19	5.2	17	5.3
25/10/2002	15.2	7.1	14	9
26/10/2002	21.7	6.5	18.6	7
27/10/2002	17.8	6.2	17	7
28/10/2002	21.2	5.1	18	5.5
29/10/2002	16.9	2.9	15.5	2.5
30/10/2002	15.4	3.2	14.5	3.5
31/10/2002	16.9	7.2	15.5	8
01/11/2002	17.7	4.3	16	5
02/11/2002	16.4	7.3	15.2	7
03/11/2002	13.4	8.9	13	9
04/11/2002	20.1	4.8	18	5
05/11/2002	19.3	2.8	16.3	2
06/11/2002	8.5	1	8.5	1.5
07/11/2002	8	5.1	8	5.5
08/11/2002	15.4	0.8	12	1
09/11/2002	11.2	0.2	10	0
10/11/2002	13.7	0.8	12.5	0.5
11/11/2002	10.8	1.8	10	1.2
12/11/2002	10.7	-0.8	10	0
13/11/2002	9.8	2.2	9	2
14/11/2002	9.1	7.5	9	8
15/11/2002	11.2	8.1	11	8.5
16/11/2002	13.3	8	13.5	7.5
17/11/2002	14.2	7.7	13.2	7
18/11/2002	10.9	7.6	10	9
19/11/2002	11.9	6	11.5	7.5
20/11/2002	10.3	6.5	10	7
21/11/2002	10.6	8.3	10.2	9
22/11/2002	14.7	4	12	4
23/11/2002	10.6	1.9	9.5	2
24/11/2002	8.5	7.3	8.8	8.2
25/11/2002	10.8	8	10.1	8
26/11/2002	11.3	9.5	11	9.8
27/11/2002	12.3	10.4	12.5	11
28/11/2002	14.5	11.8	14	12.4
29/11/2002	14.1	7.5	13.4	7.7
30/11/2002	13	4.8	11	4
01/12/2002	12	2	9	1
02/12/2002	7.3	2.2	NA	NA
03/12/2002	7.7	5.1	NA	NA
04/12/2002	13.6	3.3	NA	NA
05/12/2002	9	6.2	NA	NA
06/12/2002	10.7	8.1	NA	NA
07/12/2002	11.2	7.3	NA	NA
08/12/2002	8.8	6.2	NA	NA
09/12/2002	6.4	2.9	NA	NA
10/12/2002	4.1	-0.7	NA	NA
11/12/2002	3.3	0.7	NA	NA
12/12/2002	1.6	0.7	NA	NA
13/12/2002	1.9	-0.5	NA	NA
14/12/2002	5.3	-1.3	NA	NA
15/12/2002	7.9	3.3	NA	NA
16/12/2002	7.3	3.7	NA	NA
17/12/2002	7.8	4.6	NA	NA
18/12/2002	9.3	1.9	NA	NA
19/12/2002	7.9	-0.4	NA	NA
20/12/2002	6.2	2.5	NA	NA
21/12/2002	5.1	2.3	NA	NA
22/12/2002	5.6	4.1	NA	NA
23/12/2002	9.8	5.1	NA	NA
24/12/2002	7.8	6.5	NA	NA
25/12/2002	9.2	5.9	NA	NA
26/12/2002	8.2	6.8	NA	NA
27/12/2002	8	6.4	NA	NA
28/12/2002	11.3	3.3	NA	NA
29/12/2002	14.7	1.2	NA	NA
30/12/2002	7.6	1.8	NA	NA
31/12/2002	9.3	6.2	8.5	6
01/01/2003	7.5	3	7	5
02/01/2003	7.1	3.8	7	4.5
03/01/2003	12.6	1	9	1
04/01/2003	3.4	0.4	3.8	0.5
05/01/2003	10.2	-1.2	8	-0.5
06/01/2003	2	-1.3	2	1.5
07/01/2003	2.6	-1.4	1.5	-1
08/01/2003	1	-0.1	0.7	-0.8
09/01/2003	5.3	-0.2	4	0
10/01/2003	2.6	-0.4	2.5	-1.5
11/01/2003	3.8	-1.8	4	-2
12/01/2003	2.9	-2.8	3	-3.5
13/01/2003	4.5	-5.2	2	-6
14/01/2003	8.3	-3.5	5	-4
15/01/2003	7.6	-2	5	-3
16/01/2003	6.7	-0.7	6	-1.5
17/01/2003	2	-2	2	-2
18/01/2003	2.4	-2.3	3	-2.5
19/01/2003	8.7	-3.6	6	-4.7
20/01/2003	4.2	-0.1	4	-1
21/01/2003	4	0.9	3.3	1
22/01/2003	1.8	-1.3	1	-1
23/01/2003	0.8	-2.2	1.5	-1.5
24/01/2003	12.7	-2	8	-2.7
25/01/2003	10.4	-1.2	9	-2.5
26/01/2003	9.1	-1.6	7.2	-2.5
27/01/2003	10.1	-1.6	7.2	-2.4
28/01/2003	19.9	-0.5	17.3	-1.3
29/01/2003	13.2	1.2	12	0.5
30/01/2003	12.1	-1.2	9.8	-2
31/01/2003	4.7	-2	5.3	-2
01/02/2003	8.4	-4	6	-4
02/02/2003	7.2	-4.8	5	-5.2
03/02/2003	4.4	-4.2	4.5	-4.3
04/02/2003	9.5	0.4	8.5	0.8
05/02/2003	10.2	-2.8	10	-2.5
06/02/2003	10.8	-4	10	-4
07/02/2003	10.2	-5.4	8.2	-6
08/02/2003	11.1	-3.9	9.3	-4.9
09/02/2003	5.1	-1.7	5	-1.5
10/02/2003	5.3	-4	5	-5
11/02/2003	5.8	-3.2	5	-5
12/02/2003	4.7	-2.4	4	-3.2
13/02/2003	4.7	-3.1	4	-5
14/02/2003	5.2	-2.7	5	-3
15/02/2003	9.4	-4.8	7.5	-5.6
16/02/2003	4.9	-2	5	-2.5
17/02/2003	2.6	-2.7	3.8	-1
18/02/2003	6.8	-5.2	6	-6
19/02/2003	8	-5.6	7	-6.2
20/02/2003	8.3	-5.2	8.7	-6.4
21/02/2003	10.4	-4.7	10	-5.5
22/02/2003	10.1	-2.6	10	-4
23/02/2003	8.2	-1.5	8	-2
24/02/2003	11.4	-3.6	10.5	-5
25/02/2003	13	-3.8	12.5	-5.2
26/02/2003	11.6	-2	11.5	-3.2
27/02/2003	9.6	-0.5	9	-2.3
28/02/2003	14.4	0.7	14.3	0.3
01/03/2003	13.7	0.6	NA	NA
02/03/2003	11.6	2.2	11.8	4
03/03/2003	16.2	0.1	17	2.3
04/03/2003	15.5	0.2	16.3	-1
05/03/2003	15.9	0.3	17	-0.5
06/03/2003	12.6	2	12.3	1.2
07/03/2003	14.9	1.6	15.7	1
08/03/2003	15.7	1.8	15.5	1
09/03/2003	15.7	4	16	3.5
10/03/2003	24.1	0.9	22.6	1
11/03/2003	18.3	3	18	2.7
12/03/2003	17.5	4.5	20.2	5
13/03/2003	19.2	3.7	20	4.9
14/03/2003	13	3.3	14.3	4
15/03/2003	10.2	0.8	10	1
16/03/2003	13.8	-0.7	18.5	-1.8
17/03/2003	15.3	-0.5	15	-1
18/03/2003	15.9	2	16.5	1.2
19/03/2003	17.3	-0.1	18	-2
20/03/2003	21	0.7	21	-0.2
21/03/2003	16.2	1	17	0.5
22/03/2003	14	3.7	15	3.5
23/03/2003	13.9	0.5	15.2	0
24/03/2003	19.4	0.3	21	-1
25/03/2003	19.7	1.2	22	0.5
26/03/2003	19.8	3	21	2
27/03/2003	19.8	3.3	20.5	2.5
28/03/2003	18.9	5.4	19.5	5
29/03/2003	20.5	7.6	21.5	7
30/03/2003	20.5	5.1	22.2	5
31/03/2003	22	4.6	24	4.2
01/04/2003	19.8	9.8	21	10
02/04/2003	16.5	7.3	16.6	8
03/04/2003	12.4	7.1	13.5	7.5
04/04/2003	12.4	2.9	14	3.5
05/04/2003	19.4	1.4	21	0.5
06/04/2003	21.6	5.1	23.2	3.5
07/04/2003	10.6	4.3	12	4.2
08/04/2003	12.5	0.1	16	-1.5
09/04/2003	12.4	-0.5	14	-1.5
10/04/2003	6.7	2.6	2	-3
11/04/2003	12.1	3	12.8	1
12/04/2003	14.4	5.9	16	7.5
13/04/2003	18.8	3.3	20	2.5
14/04/2003	19.5	5.8	20.6	5
15/04/2003	18.9	7.7	20	7
16/04/2003	20.8	9.9	23	10.5
17/04/2003	21.8	7.4	23.2	8.3
18/04/2003	24.1	10.6	26.5	13
19/04/2003	16.4	8.9	16	10
20/04/2003	10.5	8.8	11	9.2
21/04/2003	18.9	9	20	9.2
22/04/2003	22.3	6.8	23	7
23/04/2003	23.7	8.3	24.5	8.5
24/04/2003	25.9	8.3	26.5	8
25/04/2003	22.5	9.4	23	10
26/04/2003	21.1	11.2	21	11
27/04/2003	23.7	10.8	24	12.2
28/04/2003	20.9	9.7	21	9.9
29/04/2003	23.2	10.6	23	11
30/04/2003	21.2	12.6	20.7	8.8
01/05/2003	22.7	12.6	23	9.2
02/05/2003	19.6	11.6	19	12
03/05/2003	25.8	11.9	25.5	12.5
04/05/2003	25.9	10.3	25.9	10.3
05/05/2003	26.3	11.9	26.3	12.2
06/05/2003	27.3	13.4	27	14
07/05/2003	28.4	13.3	28.3	14
08/05/2003	29.1	12.4	29.5	12.9
09/05/2003	27.7	11.3	28	12
10/05/2003	21.2	12.5	19.8	13
11/05/2003	24.3	13.4	23.8	14
12/05/2003	25.4	13.8	25.2	14.8
13/05/2003	25.1	13.1	26.8	13
14/05/2003	23.6	9.9	24	10
15/05/2003	20.9	8.6	21.4	11
16/05/2003	22.3	9.1	23	9.2
17/05/2003	21	10.9	22	12
18/05/2003	25.1	9.4	26	10
19/05/2003	23.7	10.3	25	11.2
20/05/2003	24.3	9.5	24	11
21/05/2003	24.3	8	24.3	7
22/05/2003	25.9	8.8	25	9
23/05/2003	28.1	10.9	28	11
24/05/2003	26.9	12.8	27	13.8
25/05/2003	27.3	15	27.5	16
26/05/2003	20.1	13	22	14
27/05/2003	25	14.7	25.5	15.8
28/05/2003	29.5	15.7	29.5	17.5
29/05/2003	29.1	16.5	29.5	17
30/05/2003	27.3	15.5	26	16.8
31/05/2003	29.9	14.9	29.8	15
01/06/2003	29.1	17	29	17
02/06/2003	29.1	17	29	18
03/06/2003	28.4	17.1	27.7	18
04/06/2003	28.9	18.8	29	20
05/06/2003	30.5	18.3	30	20
06/06/2003	30.5	17.2	31	18
07/06/2003	32.7	17.4	32	17.5
08/06/2003	31.8	18.4	32	19
09/06/2003	32.1	18.3	32.8	19
10/06/2003	33	17.3	33	17.3
11/06/2003	35.1	19.1	34.5	19.3
12/06/2003	35.5	18.7	35	20
13/06/2003	36.2	20.6	35.8	21.5
14/06/2003	35.6	20.9	35	22
15/06/2003	33.2	19.8	33.6	20.5
16/06/2003	34.3	18	33.5	19
17/06/2003	27.3	18.3	27	18.5
18/06/2003	31.9	17.4	30.5	18
19/06/2003	32.4	19.8	31.2	20.5
20/06/2003	35.7	17.4	35	18.5
21/06/2003	36	18.4	34.5	20
22/06/2003	33.9	18.7	33	20
23/06/2003	32.3	19.3	33	20
24/06/2003	32.6	21	32.8	22
25/06/2003	33.7	21.6	33.5	22.3
26/06/2003	33.8	21.4	33.2	22
27/06/2003	33	21	32	22.8
28/06/2003	29.1	18.8	28	20.5
29/06/2003	30.1	18.9	29.8	20
30/06/2003	31	19.5	31.5	21
01/07/2003	32.4	18.2	32.5	20.7
02/07/2003	30.9	14.8	31.2	14.4
03/07/2003	30.6	16.6	31	18
04/07/2003	28.3	15.2	28.2	17.5
05/07/2003	29.1	13.4	29	13.5
06/07/2003	30.3	14	30.6	14.3
07/07/2003	32.4	15.9	32	16.4
08/07/2003	32.8	16.5	32.3	17
09/07/2003	31.5	16.9	32	18
10/07/2003	33.8	17.7	33	19
11/07/2003	33.9	18.1	34	18.8
12/07/2003	33.8	19.1	33	20
13/07/2003	33.9	19.6	34	21.2
14/07/2003	25.8	21.2	26	22.3
15/07/2003	30.2	21.8	30	23
16/07/2003	31.8	19.5	32.5	21
17/07/2003	33.4	21.6	34	22.5
18/07/2003	33.6	19.8	33.2	20.5
19/07/2003	34.2	21.9	34	22.5
20/07/2003	34.3	22.3	34.5	23.5
21/07/2003	34.4	20.9	35	22.6
22/07/2003	33.5	20	33	20.5
23/07/2003	35.2	20	35	21
24/07/2003	27.2	19.2	26	20.5
25/07/2003	32	17.9	32	18.5
26/07/2003	34.3	19.5	34	20.3
27/07/2003	33.3	19	33	20.5
28/07/2003	32	18	32	19
29/07/2003	31.7	19.7	32.3	20.2
30/07/2003	31.4	18	31	19.5
31/07/2003	28.1	16.9	28	17.5
01/08/2003	33.4	15.6	33.5	16.5
02/08/2003	34	17.3	34	18
03/08/2003	36	19.6	35	21
04/08/2003	37.2	20.9	36.1	22.8
05/08/2003	37.9	22	37.2	23.2
06/08/2003	37.9	21	36.4	22
07/08/2003	37.5	21.5	36.5	23.8
08/08/2003	35.6	22.5	35	23.9
09/08/2003	38.8	20	37	21.8
10/08/2003	38.1	19.8	37.3	21.9
11/08/2003	40.1	23.1	39.2	23.9
12/08/2003	37.3	22.1	31.5	23.9
13/08/2003	37.4	23	37.8	24.9
14/08/2003	36.3	21.3	37	24.9
15/08/2003	31	19.6	31.3	21.2
16/08/2003	32.9	19.8	23	21
17/08/2003	34.2	19.6	33.8	22.3
18/08/2003	32.4	18.7	31	19.2
19/08/2003	33.4	17.3	33	13.3
20/08/2003	33.4	16.9	32.8	17.9
21/08/2003	31.3	20.1	31	21
22/08/2003	33.7	20.4	33.8	21.2
23/08/2003	34.8	19.8	34.6	20.5
24/08/2003	34.3	19.8	35	21
25/08/2003	31.4	17.7	32	18.8
26/08/2003	32.7	18.9	32.2	20.2
27/08/2003	33.7	18.5	34	19.5
28/08/2003	32.5	20.2	32.3	21.3
29/08/2003	31.6	18.9	32.2	22
30/08/2003	34	15.3	33.8	16.4
31/08/2003	30.6	15.5	31	17.2
01/09/2003	23.5	14.4	24	18.7
02/09/2003	25.3	12.7	26	13
03/09/2003	23.6	10.7	24	12.3
04/09/2003	25.6	10.1	26	11.1
05/09/2003	23.4	10.6	22.9	11.5
06/09/2003	27	10.3	27.2	11.4
07/09/2003	25.8	12.1	26	13.6
08/09/2003	20.3	16.5	20.5	18
09/09/2003	17	15.2	18	16
10/09/2003	27.9	12.1	26.4	13
11/09/2003	28.3	11.6	26.8	12.7
12/09/2003	26.2	11.2	25.4	12
13/09/2003	26.5	11.2	25.5	12
14/09/2003	25.1	11.6	25	15
15/09/2003	23.9	11.6	24	14
16/09/2003	26.7	8.6	25.8	9.8
17/09/2003	26.5	10.9	26	11.5
18/09/2003	28.6	10.8	27.7	11.3
19/09/2003	29.1	11.6	27.3	12
20/09/2003	29.9	12.1	28	12.5
21/09/2003	29.4	11.6	27.7	12
22/09/2003	27.7	11.2	27	11.4
23/09/2003	26.1	15.7	26	17.1
24/09/2003	NA	NA	22.8	16.5
25/09/2003	22	9.9	21.9	11.8
26/09/2003	22.2	7.1	21.8	8.3
27/09/2003	21.7	8	21	8.5
28/09/2003	16.7	13.9	16.5	14.2
29/09/2003	24.4	10.8	22.2	11.8
30/09/2003	22.1	9.4	21.8	11
01/10/2003	17	15	16.8	15
02/10/2003	21.3	15.9	20	15.9
03/10/2003	21.6	16.2	21.3	17.4
04/10/2003	24.5	13.7	22	14
05/10/2003	16.6	6.6	15.2	7.9
06/10/2003	19.9	3.3	18	4
07/10/2003	20.5	4.2	18	5
08/10/2003	20.6	6.5	18.9	7.8
09/10/2003	27.7	5.6	23	6.8
10/10/2003	23	7.6	21	8
11/10/2003	22.7	7.9	20.5	8.3
12/10/2003	23	10.3	21	11.9
13/10/2003	22.3	13.7	20.5	15
14/10/2003	17.3	12.1	16	12.3
15/10/2003	16.5	4.4	15	7.3
16/10/2003	16.5	3.1	15	3
17/10/2003	14.2	4.2	13.4	4.8
18/10/2003	10.5	4.7	9.8	5.1
19/10/2003	15.6	3.7	14.8	5.2
20/10/2003	12.6	5.3	11.1	5.9
21/10/2003	17.3	5.3	15.4	5.8
22/10/2003	14.3	3.3	13.8	4.5
23/10/2003	11.2	3.2	11	4.1
24/10/2003	11.9	3.1	11.2	3.1
25/10/2003	12.2	1.1	10.7	2
26/10/2003	7.6	-1.3	7	-1
27/10/2003	9.7	0.9	8.5	2
28/10/2003	9.4	0	8	0
29/10/2003	8.1	4.6	7	4
30/10/2003	13.3	3.8	10.6	3.5
31/10/2003	7.4	4	6.4	4
01/11/2003	11.1	4.7	9.7	4
02/11/2003	18.4	1.7	14.3	1.8
03/11/2003	16.3	4.3	14.5	4
04/11/2003	18	3.3	14.9	3.7
05/11/2003	17.7	1.7	15.3	2
06/11/2003	15.1	1.4	13	2
07/11/2003	8.7	4.4	7.8	4.3
08/11/2003	7.3	5.2	7	5.3
09/11/2003	10.7	5.5	10.2	5.8
10/11/2003	14.1	3.7	12.3	4
11/11/2003	8.9	2.6	8.5	3
12/11/2003	8.6	6.1	8	6.2
13/11/2003	11.9	1.5	10.1	2.5
14/11/2003	9.1	-0.2	8.4	-0.1
15/11/2003	8.6	6.5	8.4	6.6
16/11/2003	8.3	6.7	8.3	7
17/11/2003	14.1	3.1	11.6	4
18/11/2003	12.9	2	11.1	7.8
19/11/2003	7.6	5.1	7.8	5
20/11/2003	8.2	6.2	8	6.6
21/11/2003	8.8	7.6	9	7.8
22/11/2003	10.1	8.3	9.8	8.4
23/11/2003	10.7	9.1	10.8	9.5
24/11/2003	11.7	9.9	11.3	10.2
25/11/2003	12.6	10	12.4	10.5
26/11/2003	12.3	8.3	12.2	10.3
27/11/2003	10.9	8.3	11	8.7
28/11/2003	11	4.5	10.8	5.3
29/11/2003	13.7	1.3	9.7	1.2
30/11/2003	10.8	3.7	9.9	4.8
01/12/2003	7.9	6.1	7.7	7
02/12/2003	7.9	6.1	7.9	6.4
03/12/2003	12.4	7.9	10.8	8
04/12/2003	12.6	10	12	10.3
05/12/2003	13.4	4.4	11.5	6
06/12/2003	14.4	1.4	10.8	2
07/12/2003	8.7	-0.4	NA	NA
08/12/2003	8	-2.4	NA	NA
09/12/2003	8.1	-3.7	4.3	-4
10/12/2003	3	0.6	3	-0.8
11/12/2003	8.7	2.6	8	3
12/12/2003	12.6	-0.2	8.4	0
13/12/2003	10	-0.8	7.8	-0.8
14/12/2003	13.9	1.3	10.7	1.3
15/12/2003	13.4	-1.1	8.9	-1
16/12/2003	10.2	-3.2	6.8	-3
17/12/2003	6	-3.7	4.9	-3.8
18/12/2003	3.7	-0.5	3.2	-0.8
19/12/2003	6.1	0.1	6.4	0.4
20/12/2003	3.2	-1	2.9	-1.2
21/12/2003	7.1	1.5	6.8	3
22/12/2003	11.2	-2	8.8	-1.4
23/12/2003	7.9	-4.2	7	-4.7
24/12/2003	5.1	-7.3	2.4	-7.1
25/12/2003	5.5	-8.4	2	-8
26/12/2003	8.1	-6.8	3.8	-6.8
27/12/2003	4	-3.8	3.8	-3.9
28/12/2003	1.5	0.4	1.7	0.9
29/12/2003	3.7	0.8	NA	NA
30/12/2003	4.4	1.8	NA	NA
31/12/2003	4.7	1.2	NA	NA
				
				
				
				
				
				
				
				
				
				
				
				
				
				
				
				
				
				
				
				
				
				
				
				
				
				
				
				
				
				
				
				
				
				
				
				
				
				
				
				
				
				
				
				
				
				
				
				
				
				
				
				
				
				
				
				
				
				
				
				
				
				
				
				
				
				
				
				
				
				
				
				
				
				
				
				
				
				
				
				
				
				
				
				
				
				
				
				
				
				
				
				
				
				
				
				
				
				
				
				
				
				
				
				
				
				
				
				
				
				
				
				
				
				
				
				
				
				
				
				
				
				
				
				
				
				
				
				
				
				
				
				
				
				
				
				
				
				
				
				
				
				
				
				
				
				
				
				
				
				
				
				
				
				
				
				
				
				
				
				
				
				
				
				
				
				
				
				
				
				
				
				
				
				
				
				
				
				
				
				
				
				
				
				
				
				
				
				
				
				
				
				
				
				
				
				
				
				
				
				
				
				
				
				
				
				
				
				
				
				
				
				
				
				
				
				
				
				
				
				
				
				
				
				
				
				
				
				
				
				
				
				
				
				
				
				
				
				
				
				
				
				
				
				
				
				
				
				
				
				
				
				
				
				
				
				
				
				
				
				
				
				
				
				
				
				
				
				
				
				
				
				
				
				
				
				
				
				
				
				
				
				
				
				
				
				
				
				
				
				
				
				
				
				
				
				
				
				
				
				
				
				
				
				
				
				
				
				
				
				
				
				
				
				
				
				
				
				
				
				
				
				
				
				
				
				
				
				
				
				
				
				
				
				
				
				
				
				
				
				
				
				
				
				
				
				
				
				
				
				
				
				
				
				
				
				
				
				
				
				
				
				
				
				
				
				
				
				
				
				
				
				
				
				
				
				
				
				
				
				
				
				
				
				
				
				
				
				
				
				
				
				
				
				
				
				
				
				
				
				
				
				
				
				
				
				
				
				
				
				
				
				
				
				
				
				
				
				
				
				
				
				
				
				
				
				
				
				
				
				
				
				
				
				
				
				
				
				
				
				
				
				
				
				
				
				
				
				
				
				
				
				
				
				
				
				
				
				
				
				
				
				
				
				
				
				
				
				
				
				
				
				
				
				
				
				
				
				
				
				
				
				
				
				
				
				
				
				
				
				
				
				
				
				
				
				
				
				
				
				
				
				
				
				
				
				
				
				
				
				
				
				
				
				
				
				
				
				
				
				
				
				
				
				
				
				
				
				
				
				
				
				
				
				
				
				
				
				
				
				
				
				
				
				
				
				
				
				
				
				
				
				
				
				
				
				
				
				
				
				
				
				
				
				
				
				
				
				
				
				
				
				
				
				
				
				
				
				
				
				
				
				
				
				
				
				
				
				
				
				
				
				
				
				
				
				
				
				
				
				
				
				
				
				
				
				
				
				
				
				
				
				
				
				
				
				
				
				
				
				
				
				
				
				
				
				
				
				
				
				
				
				
				
				
				
				
				
				
				
				
				
				
				
				
				
				
				
				
				
				
				
				
				
				
				
				
				
				
				
				
				
				
				
				
				
				
				
				
				
				
				
				
				
				
				
				
				
				
				
				
				
				
				
				
				
				
				
				
				
				
				
				
				
				
				
				
				
				
				
				
				
				
				
				
				
				
				
				
				
				
				
				
				
				
				
				
				
				
				
				
				
				
				
				
				
				
				
				
				
				
				
				
				
				
				
				
				
				
				
				
				
				
				
				
				
				
				
				
				
				
				
				
				
				
				
				
				
				
				
				
				
				
				
				
				
				
				
				
				
				
				
				
				
				
				
				
				
				
				
				
				
				
				
				
				
				
				
				
				
				
				
				
				
				
				
				
				
				
				
				
				
				
				
				
				
				
				
				
				
				
				
				
				
				
				
				
				
				
				
				
				
				
				
				
				
				
				
				
				
				
				
				
				
				
				
				
				
				
				
				
				
				
				
				
				
				
				
				
				
				
				
				
				
				
				
				
				
				
				
				
				
				
				
				
				
				
				
				
				
				
				
				
				
				
				
				
				
				
				
				
				
				
				
				
				
				
				
				
				
				
				
				
				
				
				
				
				
				
				
				
				
				
				
				
				
				
				
				
				
				
				
				
				
				
				
				
				
				
				
				
				
				
				
				
				
				
				
				
				
				
				
				
				
				
				
				
				
				
				
				
				
				
				
				
				
				
				
				
				
				
				
				
				
				
				
				
				
				
				
				
				
				
				
				
				
				
				
				
				
				
				
				
				
				
				
				
				
				
				
				
				
				
				
				
				
				
				
				
				
				
				
				
				
				
				
				
				
				
				
				
				
				
				
				
				
				
				
				
				
				
				
				
				
				
				
				
				
				
				
				
				
				
				
				
				
				
				
				
				
				
				
				
				
				
				
				
				
				
				
				
				
				
				
				
				
				
				
				
				
				
				
				
				
				
				
				
				
				
				
				
				
				
				
				
				
				
				
				
				
				
				
				
				
				
				
				
				
				
				
				
				
				
				
				
				
				
				
				
				
				
				
				
				
				
				
				
				
				
				
				
				
				
				
				
				
				
				
				
				
				
				
				
				
				
				
				
				
				
				
				
				
				
				
				
				
				
				
				
				
				
				
				
				
				
				
				
				
				
				
				
				
				
				
				
				
				
				
				
				
				
				
				
				
				
				
				
				
				
				
				
				
				
				
				
				
				
				
				
				
				
				
				
				
				
				
				
				
				
				
				
				
				
				
				
				
				
				
				
				
				
				
				
				
				
				
				
				
				
				
				
				
				
				
				
				
				
				
				
				
				
				
				
				
				
				
				
				
				
				
				
				
				
				
				
				
				
				
				
				
				
				
				
				
				
				
				
				
				
				
				
				
				
				
				
				
				
				
				
				
				
				
				
				
				
				
				
				
				
				
				
				
				
				
				
				
				
				
				
				
				
				
				
				
				
				
				
				
				
				
				
				
				
				
				
				
				
				
				
				
				
				
				
				
				
				
				
				
				
				
				
				
				
				
				
				
				
				
				
				
				
				
				
				
				
				
				
				
				
				
				
				
				
				
				
				
				
				
				
				
				
				
				
				
				
				
				
				
				
				
				
				
				
				
				
				
				
				
				
				
				
				
				
				
				
				
				
				
				
				
				
				
				
				
				
				
				
				
				
				
				
				
				
				
				
				
				
				
				
				
				
				
				
				
				
				
				
				
				
				
				
				
				
				
				
				
				
				
				
				
				
				
				
				
				
				
				
				
				
				
				
				
				
				
				
				
				
				
				
				
				
				
				
				
				
				
				
				
				
				
				
				
				
				
				
				
				
				
				
				
				
				
				
				
				
				
				
				
				
				
				
				
				
				
				
				
				
				
				
				
				
				
				
				
				
				
				
				
				
				
				
				
				
				
				
				
				
				
				
				
				
				
				
				
				
				
				
				
				
				
				
				
				
				
				
				
				
				
				
				
				
				
				
				
				
				
				
				
				
				
				
				
				
				
				
				
				
				
				
				
				
				
				
				
				
				
				
				
				
				
				
				
				
				
				
				
				
				
				
				
				
				
				
				
				
				
				
				
				
				
				
				
				
				
				
				
				
				
				
				
				
				
				
				
				
				
				
				
				
				
				
				
				
				
				
				
				
				
				
				
				
				
				
				
				
				
				
				
				
				
				
				
				
				
				
				
				
				
				
				
				
				
				
				
				
				
				
				
				
				
				
				
				
				
				
				
				
				
				
				
				
				
				
				
				
				
				
				
				
				
				
				
				
				
				
				
				
				
				
				
				
				
				
				
				
				
				
				
				
				
				
				
				
				
				
				
				
				
				
				
				
				
				
				
				
				
				
				
				
				
				
				
				
				
				
				
				
				
				
				
				
				
				
				
				
				
				
				
				
				
				
				
				
				
				
				
				
				
				
				
				
				
				
				
				
				
				
				
				
				
				
				
				
				
				
				
				
				
				
				
				
				
				
				
				
				
				
				
				
				
				
				
				
				
				
				
				
				
				
				
				
				
				
				
				
				
				
				
				
				
				
				
				
				
				
				
				
				
				
				
				
				
				
				
				
				
				
				
				
				
				
				
				
				
				
				
				
				
				
				
				
				
				
				
				
				
				
				
				
				
				
				
				
				
				
				
				
				
				
				
				
				
				
				
				
				
				
				
				
				
				
				
				
				
				
				
				
				
				
				
				
				
				
				
				
				
				
				
				
				
				
				
				
				
				
				
				
				
				
				
				
				
				
				
				
				
				
				
				
				
				
				
				
				
				
				
				
				
				
				
				
				
				
				
				
				
				
				
				
				
				
				
				
				
				
				
				
				
				
				
				
				
				
				
				
				
				
				
				
				
				
				
				
				
				
				
				
				
				
				
				
				
				
				
				
				
				
				
				
				
				
				
				
				
				
				
				
				
				
				
				
				
				
				
				
				
				
				
				
				
				
				
				
				
				
				
				
				
				
				
				
				
				
				
				
				
				
				
				
				
				
				
				
				
				
				
				
				
				
				
				
				
				
				
				
				
				
				
				
				
				
				
				
				
				
				
				
				
				
				
				
				
				
				
				
				
				
				
				
				
				
				
				
				
				
				
				
				
				
				
				
				
				
				
				
				
				
				
				
				
				
				
				
				
				
				
				
				
				
				
				
				
				
				
				
				
				
				
				
				
				
				
				
				
				
				
				
				
				
				
				
				
				
				
				
				
				
				
				
				
				
				
				
				
				
				
				
				
				
				
				
				
				
				
				
				
				
				
				
				
				
				
				
				
				
				
				
				
				
				
				
				
				
				
				
				
				
				
				
				
				
				
				
				
				
				
				
				
				
				
				
				
				
				
				
				
				
				
				
				
				
				
				
				
				
				
				
				
				
				
				
				
				
				
				
				
				
				
				
				
				
				
				
				
				
				
				
				
				
				
				
				
				
				
				
				
				
				
				
				
				
				
				
				
				
				
				
				
				
				
				
				
				
				
				
				
				
				
				
				
				
				
				
				
				
				
				
				
				
				
				
				
				
				
				
				
				
				
				
				
				
				
				
				
				
				
				
				
				
				
				
				
				
				
				
				
				
				
				
				
				
				
				
				
				
				
				
				
				
				
				
				
				
				
				
				
				
				
				
				
				
				
				
				
				
				
				
				
				
				
				
				
				
				
				
				
				
				
				
				
				
				
				
				
				
				
				
				
				
				
				
				
				
				
				
				
				
				
				
				
				
				
				
				
				
				
				
				
				
				
				
				
				
				
				
				
				
				
				
				
				
				
				
				
				
				
				
				
				
				
				
				
				
				
				
				
				
				
				
				
				
				
				
				
				
				
				
				
				
				
				
				
				
				
				
				
				
				
				
				
				
				
				
				
				
				
				
				
				
				
				
				
				
				
				
				
				
				
				
				
				
				
				
				
				
				
				
				
				
				
				
				
				
				
				
				
				
				
				
				
				
				
				
				
				
				
				
				
				
				
				
				
				
				
				
				
				
				
				
				
				
				
				
				
				
				
				
				
				
				
				
				
				
				
				
				
				
				
				
				
				
				
				
				
				
				
				
				
				
				
				
				
				
				
				
				
				
				
				
				
				
				
				
				
				
				
				
				
				
				
				
				
				
				
				
				
				
				
				
				
				
				
				
				
				
				
				
				
				
				
				
				
				
				
				
				
				
				
				
				
				
				
				
				
				
				
				
				
				
				
				
				
				
				
				
				
				
				
				
				
				
				
				
				
				
				
				
				
				
				
				
				
				
				
				
				
				
				
				
				
				
				
				
				
				
				
				
				
				
				
				
				
				
				
				
				
				
				
				
				
				
				
				
				
				
				
				
				
				
				
				
				
				
				
				
				
				
				
				
				
				
				
				
				
				
				
				
				
				
				
				
				
				
				
				
				
				
				
				
				
				
				
				
				
				
				
				
				
				
				
				
				
				
				
				
				
				
				
				
				
				
				
				
				
				
				
				
				
				
				
				
				
				
				
				
				
				
				
				
				
				
				
				
				
				
				
				
				
				
				
				
				
				
				
				
				
				
				
				
				
				
				
				
				
				
				
				
				
				
				
				
				
				
				
				
				
				
				
				
				
				
				
				
				
				
				
				
				
				
				
				
				
				
				
				
				
				
				
				
				
				
				
				
				
				
				
				
				
				
				
				
				
				
				
				
				
				
				
				
				
				
				
				
				
				
				
				
				
				
				
				
				
				
				
				
				
				
				
				
				
				
				
				
				
				
				
				
				
				
				
				
				
				
				
				
				
				
				
				
				
				
				
				
				
				
				
				
				
				
				
				
				
				
				
				
				
				
				
				
				
				
				
				
				
				
				
				
				
				
				
				
				
				
				
				
				
				
				
				
				
				
				
				
				
				
				
				
				
				
				
				
				
				
				
				
				
				
				
				
				
				
				
				
				
				
				
				
				
				
				
				
				
				
				
				
				
				
				
				
				
				
				
				
				
				
				
				
				
				
				
				
				
				
				
				
				
				
				
				
				
				
				
				
				
				
				
				
				
				
				
				
				
				
				
				
				
				
				
				
				
				
				
				
				
				
				
				
				
				
				
				
				
				
				
				
				
				
				
				
				
				
				
				
				
				
				
				
				
				
				
				
				
				
				
				
				
				
				
				
				
				
				
				
				
				
				
				
				
				
				
				
				
				
				
				
				
				
				
				
				
				
				
				
				
				
				
				
				
				
				
				
				
				
				
				
				
				
				
				
				
				
				
				
				
				
				
				
				
				
				
				
				
				
				
				
				
				
				
				
				
				
				
				
				
				
				
				
				
				
				
				
				
				
				
				
				
				
				
				
				
				
				
				
				
				
				
				
				
				
				
				
				
				
				
				
				
				
				
				
				
				
				
				
				
				
				
				
				
				
				
				
				
				
				
				
				
				
				
				
				
				
				
				
				
				
				
				
				
				
				
				
				
				
				
				
				
				
				
				
				
				
				
				
				
				
				
				
				
				
				
				
				
				
				
				
				
				
				
				
				
				
				
				
				
				
				
				
				
				
				
				
				
				
				
				
				
				
				
				
				
				
				
				
				
				
				
				
				
				
				
				
				
				
				
				
				
				
				
				
				
				
				
				
				
				
				
				
				
				
				
				
				
				
				
				
				
				
				
				
				
				
				
				
				
				
				
				
				
				
				
				
				
				
				
				
				
				
				
				
				
				
				
				
				
				
				
				
				
				
				
				
				
				
				
				
				
				
				
				
				
				
				
				
				
				
				
				
				
				
				
				
				
				
				
				
				
				
				
				
				
				
				
				
				
				
				
				
				
				
				
				
				
				
				
				
				
				
				
				
				
				
				
				
				
				
				
				
				
				
				
				
				
				
				
				
				
				
				
				
				
				
				
				
				
				
				
				
				
				
				
				
				
				
				
				
				
				
				
				
				
				
				
				
				
				
				
				
				
				
				
				
				
				
				
				
				
				
				
				
				
				
				
				
				
				
				
				
				
				
				
				
				
				
				
				
				
				
				
				
				
				
				
				
				
				
				
				
				
				
				
				
				
				
				
				
				
				
				
				
				
				
				
				
				
				
				
				
				
				
				
				
				
				
				
				
				
				
				
				
				
				
				
				
				
				
				
				
				
				
				
				
				
				
				
				
				
				
				
				
				
				
				
				
				
				
				
				
				
				
				
				
				
				
				
				
				
				
				
				
				
				
				
				
				
				
				
				
				
				
				
				
				
				
				
				
				
				
				
				
				
				
				
				
				
				
				
				
				
				
				
				
				
				
				
				
				
				
				
				
				
				
				
				
				
				
				
				
				
				
				
				
				
				
				
				
				
				
				
				
				
				
				
				
				
				
				
				
				
				
				
				
				
				
				
				
				
				
				
				
				
				
				
				
				
				
				
				
				
				
				
				
				
				
				
				
				
				
				
				
				
				
				
				
				
				
				
				
				
				
				
				
				
				
				
				
				
				
				
				
				
				
				
				
				
				
				
				
				
				
				
				
				
				
				
				
				
				
				
				
				
				
				
				
				
				
				
				
				
				
				
				
				
				
				
				
				
				
				
				
				
				
				
				
				
				
				
				
				
				
				
				
				
				
				
				
				
				
				
				
				
				
				
				
				
				
				
				
				
				
				
				
				
				
				
				
				
				
				
				
				
				
				
				
				
				
				
				
				
				
				
				
				
				
				
				
				
				
				
				
				
				
				
				
				
				
				
				
				
				
				
				
				
				
				
				
				
				
				
				
				
				
				
				
				
				
				
				
				
				
				
				
				
				
				
				
				
				
				
				
				
				
				
				
				
				
				
				
				
				
				
				
				
				
				
				
				
				
				
				
				
				
				
				
				
				
				
				
				
				
				
				
				
				
				
				
				
				
				
				
				
				
				
				
				
				
				
				
				
				
				
				
				
				
				
				
				
				
				
				
				
				
				
				
				
				
				
				
				
				
				
				
				
				
				
				
				
				
				
				
				
				
				
				
				
				
				
				
				
				
				
				
				
				
				
				
				
				
				
				
				
				
				
				
				
				
				
				
				
				
				
				
				
				
				
				
				
				
				
				
				
				
				
				
				
				
				
				
				
				
				
				
				
				
				
				
				
				
				
				
				
				
				
				
				
				
				
				
				
				
				
				
				
				
				
				
				
				
				
				
				
				
				
				
				
				
				
				
				
				
				
				
				
				
				
				
				
				
				
				
				
				
				
				
				
				
				
				
				
				
				
				
				
				
				
				
				
				
				
				
				
				
				
				
				
				
				
				
				
				
				
				
				
				
				
				
				
				
				
				
				
				
				
				
				
				
				
				
				
				
				
				
				
				
				
				
				
				
				
				
				
				
				
				
				
				
				
				
				
				
				
				
				
				
				
				
				
				
				
				
				
				
				
				
				
				
				
				
				
				
				
				
				
				
				
				
				
				
				
				
				
				
				
				
				
				
				
				
				
				
				
				
				
				
				
				
				
				
				
				
				
				
				
				
				
				
				
				
				
				
				
				
				
				
				
				
				
				
				
				
				
				
				
				
				
				
				
				
				
				
				
				
				
				
				
				
				
				
				
				
				
				
				
				
				
				
				
				
				
				
				
				
				
				
				
				
				
				
				
				
				
				
				
				
				
				
				
				
				
				
				
				
				
				
				
				
				
				
				
				
				
				
				
				
				
				
				
				
				
				
				
				
				
				
				
				
				
				
				
				
				
				
				
				
				
				
				
				
				
				
				
				
				
				
				
				
				
				
				
				
				
				
				
				
				
				
				
				
				
				
				
				
				
				
				
				
				
				
				
				
				
				
				
				
				
				
				
				
				
				
				
				
				
				
				
				
				
				
				
				
				
				
				
				
				
				
				
				
				
				
				
				
				
				
				
				
				
				
				
				
				
				
				
				
				
				
				
				
				
				
				
				
				
				
				
				
				
				
				
				
				
				
				
				
				
				
				
				
				
				
				
				
				
				
				
				
				
				
				
				
				
				
				
				
				
				
				
				
				
				
				
				
				
				
				
				
				
				
				
				
				
				
				
				
				
				
				
				
				
				
				
				
				
				
				
				
				
				
				
				
				
				
				
				
				
				
				
				
				
				
				
				
				
				
				
				
				
				
				
				
				
				
				
				
				
				
				
				
				
				
				
				
				
				
				
				
				
				
				
				
				
				
				
				
				
				
				
				
				
				
				
				
				
				
				
				
				
				
				
				
				
				
				
				
				
				
				
				
				
				
				
				
				
				
				
				
				
				
				
				
				
				
				
				
				
				
				
				
				
				
				
				
				
				
				
				
				
				
				
				
				
				
				
				
				
				
				
				
				
				
				
				
				
				
				
				
				
				
				
				
				
				
				
				
				
				
				
				
				
				
				
				
				
				
				
				
				
				
				
				
				
				
				
				
				
				
				
				
				
				
				
				
				
				
				
				
				
				
				
				
				
				
				
				
				
				
				
				
				
				
				
				
				
				
				
				
				
				
				
				
				
				
				
				
				
				
				
				
				
				
				
				
				
				
				
				
				
				
				
				
				
				
				
				
				
				
				
				
				
				
				
				
				
				
				
