date	Tx_Ref	Tn_Ref	Tx_Can	Tn_Can 
01/01/2008	-5	-10	NA	NA
02/01/2008	-9	-14.2	NA	NA
03/01/2008	-12	-18	NA	NA
04/01/2008	-3	-19	NA	NA
05/01/2008	-1	-7	NA	NA
06/01/2008	4.5	-5	NA	NA
07/01/2008	6	-2	NA	NA
08/01/2008	3	0	NA	NA
09/01/2008	6	-1.2	NA	NA
10/01/2008	1	-3	1.3	-3.9
11/01/2008	2.5	-6	-0.8	-5.4
12/01/2008	5	-5	1.8	-5.4
13/01/2008	-7	-10.5	-5.1	-10.5
14/01/2008	-6	-11	-6.2	-12.7
15/01/2008	-4	-9	-4	-6.9
16/01/2008	-6	-8	-4.3	-10.1
17/01/2008	-2.5	-13.5	-5	-15.6
18/01/2008	0	-8	-0.4	-8.1
19/01/2008	-8	-10.5	-1.9	-12.2
20/01/2008	-16.2	-20	-12	-22.1
21/01/2008	-16.5	-25	-16.8	-23.5
22/01/2008	-12	-20	-12.3	-20
23/01/2008	-10	-16.5	-9.3	-18.9
24/01/2008	-18	-20	-11.6	-22.8
25/01/2008	-15.5	-20	-15.7	-25.1
26/01/2008	-10.5	-20	-15	-22.2
27/01/2008	-8	-16	-9.5	-21.5
28/01/2008	-7	-15	-7.8	-18.2
29/01/2008	-5	-10	-5.4	-12.3
30/01/2008	5	-6	5.3	-8.3
31/01/2008	-8	-11	-3.3	-10.8
01/02/2008	-8	-14	-9.7	-15.5
02/02/2008	-5.5	-11	-6.3	-9.9
03/02/2008	-7	-10	-7.3	-11.4
04/02/2008	-7	-11	-7.3	-13.9
05/02/2008	-4	-10	-4.3	-14.8
06/02/2008	-6	-7.5	-5.1	-9.1
07/02/2008	-9	-15.5	-9	-19
08/02/2008	-7	-17	-7.7	-19.9
09/02/2008	-5.5	-10	-6	-12.6
10/02/2008	-2	-10.5	-1.1	-11.5
11/02/2008	-7	-9	-5.8	-8.6
12/02/2008	-6	-10	-6	-15
13/02/2008	-5	-14.5	-4.4	-15.4
14/02/2008	-5	-8	-4.6	-12.2
15/02/2008	-5	-13	-7.2	-16.7
16/02/2008	-14.4	-20	-14.9	-19.2
17/02/2008	2	-17.5	-7.5	-19
18/02/2008	6	-10	2.9	-7.5
19/02/2008	-2	-4	2.4	-7.3
20/02/2008	-13	-16	-7.3	-15.1
21/02/2008	-12	-19.5	-13.7	-17.7
22/02/2008	-6	-16	-6.5	-17.1
23/02/2008	-5	-10	-4.7	-13.5
24/02/2008	0	-9	-0.9	-9
25/02/2008	-3	-5	-2.4	-4.9
26/02/2008	-7	-10	-4.1	-12.5
27/02/2008	-7	-10	-6.8	-12.3
28/02/2008	-13	-16	-12	-16.5
29/02/2008	-10	-21	-12.9	-23.2
01/03/2008	-5	-17	-5.3	-19.3
02/03/2008	-4	-8.5	-4.3	-9.2
03/03/2008	1	-12	-0.2	-13.6
04/03/2008	-0.2	-12.3	-1.1	-16.6
05/03/2008	-6	-16	-6.2	-18.3
06/03/2008	0	-11.5	-6.8	-12.2
07/03/2008	5	-8.5	2.6	-9
08/03/2008	-4	-8	-2.5	-12.4
09/03/2008	-10	-14	-10.2	-18
10/03/2008	-8	-16	-8.3	-19.8
11/03/2008	-2	-11	-3.5	-14
12/03/2008	-1	-6.5	-1.6	-10.8
13/03/2008	-10	-16	-10.8	-19
14/03/2008	-6	-16	-10.4	-22
15/03/2008	-4	-14.5	-5.1	-16.2
16/03/2008	-2	-9	-3.9	-10.1
17/03/2008	-1	-9	-2.4	-16.6
18/03/2008	-3.6	-13	-4.7	-18.4
19/03/2008	0	-10	-2.7	-11.6
20/03/2008	-1	-5	-2.6	-4.2
21/03/2008	0	-4	-1.1	-5.8
22/03/2008	-7	-9.5	-4.7	-9.5
23/03/2008	-10	-14	-9.5	-15.5
24/03/2008	-10	-18.5	-10.3	-16.8
25/03/2008	0	-15	-2.9	-18.8
26/03/2008	1	-8.5	1.5	-6.1
27/03/2008	-2	-10	-3.5	-9.2
28/03/2008	-2.5	-11	-4.7	-14.4
29/03/2008	-1	-13	-1	-15.4
30/03/2008	2	-6	-0.2	-6.4
31/03/2008	5.5	-3.5	7.3	-7.1
01/04/2008	6	-6	1.7	-6.7
02/04/2008	0	-4.5	6.7	-6
03/04/2008	1	-7.5	-0.4	-6.3
04/04/2008	5.5	-2	3.4	-0.9
05/04/2008	3	-1.5	1.5	-1.6
06/04/2008	5	-1	2.2	-3.1
07/04/2008	5	-3	1.6	-5.3
08/04/2008	6	-4.5	2.5	-5.2
09/04/2008	11	-2	5.7	-1.4
10/04/2008	5	0	4.2	0.1
11/04/2008	3	0	2.7	0
12/04/2008	2	-1.5	0.2	-1.2
13/04/2008	2	-1.5	0	-2.2
14/04/2008	4	-3.5	2.4	-2.7
15/04/2008	8	-1	3.7	-3.4
16/04/2008	12	2.5	10	-0.1
17/04/2008	15	3	11.2	2.1
18/04/2008	11	5	7.8	2
19/04/2008	5	2	4	0.2
20/04/2008	6	1	3.8	0.1
21/04/2008	8.5	1.5	7.1	1.2
22/04/2008	8.5	2	5.9	0.7
23/04/2008	3	1.5	2.7	0.9
24/04/2008	4	0.5	1.4	-0.1
25/04/2008	7	0	6.7	-1.4
26/04/2008	8	-1	6	-2.2
27/04/2008	6.5	-1.5	7.2	-2.9
28/04/2008	7.5	0	11.3	0.1
29/04/2008	12.5	2	13.3	3.5
30/04/2008	4	1.5	10.8	1.6
01/05/2008	3.5	0	2.8	0.4
02/05/2008	3.5	0	3.5	0.7
03/05/2008	8.5	1	6.5	-0.7
04/05/2008	10	-0.9	8.7	-1.2
05/05/2008	10.5	4	8.4	3
06/05/2008	14.5	3	11.3	1.7
07/05/2008	11.5	5.5	8.4	3.2
08/05/2008	9	3.5	7.3	2.3
09/05/2008	7.5	3	6	1.3
10/05/2008	7.5	1	7.1	1.2
11/05/2008	10	0.5	8.4	0.2
12/05/2008	12	0	9.6	-0.4
13/05/2008	15	4	11.3	3.3
14/05/2008	19	5	17.2	4.6
15/05/2008	13	6.5	13.2	4.4
16/05/2008	12.5	6	10.5	4
17/05/2008	11.5	3.5	10.2	2.6
18/05/2008	13.5	7	12.2	6.1
19/05/2008	13	7	9.8	4.8
20/05/2008	11	6.5	9.1	4.5
21/05/2008	10.5	5	9.9	5.2
22/05/2008	13.5	5	12.9	5
23/05/2008	8.5	5	8.3	5.4
24/05/2008	13.5	5	12.8	6.2
25/05/2008	19	8	17.2	6.4
26/05/2008	17	11.5	18.2	9.4
27/05/2008	9.5	6.5	11.5	6.7
28/05/2008	13	5	11.2	5.9
29/05/2008	11.4	6.5	12.1	6.9
30/05/2008	14	5	11.6	5.7
31/05/2008	17	4	14	4
01/06/2008	8.5	6	8.1	5
02/06/2008	9	5	8	2.7
03/06/2008	16	4	13.3	2.5
04/06/2008	14	6	12.4	3.4
05/06/2008	18.5	3.5	17	2.7
06/06/2008	20.5	7	20.3	3.7
07/06/2008	14.5	9.5	14.3	7.9
08/06/2008	18.5	7	14.5	7.9
09/06/2008	20	8.5	17.3	7
10/06/2008	13.3	8.5	14.3	8.2
11/06/2008	20	8	15.7	8.7
12/06/2008	17.5	11	14.6	9.4
13/06/2008	21.5	7	20	7.5
14/06/2008	18	7	14.6	5.7
15/06/2008	16	8	15	7.6
16/06/2008	20	9	14.4	7.9
17/06/2008	15	9.5	14.5	9.8
18/06/2008	19.5	10	14	8.6
19/06/2008	14.5	9	15.3	9
20/06/2008	14.5	7.5	13.6	7.8
21/06/2008	14	6.5	12.2	7.7
22/06/2008	17	6	11.9	7.4
23/06/2008	20	9	16.9	10
24/06/2008	19	10	17.6	10.3
25/06/2008	22	11.5	18.5	9.9
26/06/2008	17	12	17.4	10.7
27/06/2008	15.2	9.5	13.4	9.8
28/06/2008	17	9	13.9	8.7
29/06/2008	13	8	13.4	8.9
30/06/2008	15	10	12.1	7.7
01/07/2008	22	7.5	16.9	7.7
02/07/2008	25	12	22.8	10.5
03/07/2008	24.5	14	23.7	11.2
04/07/2008	20	10	16.6	10.3
05/07/2008	24	11	23.4	10.1
06/07/2008	20	13.5	18.6	13
07/07/2008	26	15	21.2	13.1
08/07/2008	21.5	14	18.8	11.8
09/07/2008	16.5	10	13.6	11.2
10/07/2008	22.5	10	19.5	11.2
11/07/2008	20.5	12	16.8	11.8
12/07/2008	21.5	11	17	10.7
13/07/2008	22.5	13	22.6	12.3
14/07/2008	25.5	17	24.7	15.3
15/07/2008	22	16	19.9	15.7
16/07/2008	22	15	21.3	15.4
17/07/2008	22	14	19.2	14.8
18/07/2008	22	15	18.9	12.9
19/07/2008	22.5	13	19.9	11.1
20/07/2008	22	13	21.3	12.1
21/07/2008	18.5	13	16.8	13
22/07/2008	19.5	12	17.5	11.9
23/07/2008	21	12	19.7	12.7
24/07/2008	25.5	13	24.3	14.9
25/07/2008	27	18	28.2	14.8
26/07/2008	25	18.5	24.8	17.5
27/07/2008	27	20	27.4	16.4
28/07/2008	23	17	20.6	14.3
29/07/2008	22	16	20.1	15
30/07/2008	22.5	15.5	20.6	15
31/07/2008	24	16	21.2	14.6
01/08/2008	20	15	17.5	9
02/08/2008	16	10	10.2	7.1
03/08/2008	17	9	8.8	5.8
04/08/2008	16	8	10.3	3.5
05/08/2008	18.5	5	NA	3.5
06/08/2008	18.5	8	15.8	7
07/08/2008	20	9.5	18.7	10.1
08/08/2008	20	11	18.9	10.8
09/08/2008	19.5	12	17.1	12.5
10/08/2008	19	11	19	12.2
11/08/2008	21	12	19.6	12.6
12/08/2008	17	14	17.6	14.1
13/08/2008	19	14	19	12.9
14/08/2008	20	12	18.6	11.8
15/08/2008	20.5	13.5	18.4	14.2
16/08/2008	23	14	20.4	13.5
17/08/2008	18	15	18.3	11.8
18/08/2008	21	11	20.4	10.3
19/08/2008	16.5	13	16.6	12.6
20/08/2008	17	12	17.9	10.9
21/08/2008	22	12	18.2	10.1
22/08/2008	22	14	20.1	15.7
23/08/2008	23	15	20.8	15.5
24/08/2008	26	16.3	23.8	15.8
25/08/2008	17	14	21.5	13
26/08/2008	19	11	18.7	9.8
27/08/2008	21	10	18.6	9
28/08/2008	17.5	12	17.1	12.6
29/08/2008	17	13	16.2	11.9
30/08/2008	18.5	11	17.6	12.2
31/08/2008	16	12	15.7	12.6
01/09/2008	21	12	20.2	12.5
02/09/2008	21	11.5	21.2	11.6
03/09/2008	22	14	20.6	11.4
04/09/2008	17	11	18.6	9.8
05/09/2008	15	8.5	15.9	8
06/09/2008	16	11	16.8	13.4
07/09/2008	14	12	15.1	12.1
08/09/2008	18	11	15.9	11.6
09/09/2008	15	10	14.5	11
10/09/2008	14	9	14	6.3
11/09/2008	16	8	15.8	5.6
12/09/2008	14	11	14.1	8.6
13/09/2008	15	10	14	10.6
14/09/2008	19	9	20.6	10.4
15/09/2008	13	9.5	17.7	5.7
16/09/2008	14	6.5	12.6	4
17/09/2008	18	5	17.2	5
18/09/2008	10	6	9.9	2
19/09/2008	14	3	12.8	1.3
20/09/2008	21.5	5	21.5	9.4
21/09/2008	10.5	5	10.3	3.4
22/09/2008	9	3	9.5	0.9
23/09/2008	12	4	11.2	2
24/09/2008	11	2	11	0.5
25/09/2008	17	6	16.4	7.8
26/09/2008	19.5	11	15.9	11.7
27/09/2008	16.5	11.5	16.3	10.5
28/09/2008	11.5	10	11.3	10.4
29/09/2008	9.5	8	11.3	8.1
30/09/2008	10.5	4	9.6	3.6
01/10/2008	13.5	3.5	10.3	4.5
02/10/2008	13	7.5	13.5	7
03/10/2008	12	4.5	12.1	5.1
04/10/2008	10	5	9	5.8
05/10/2008	8.5	4	7.9	5.7
06/10/2008	9	3.5	8.3	5.6
07/10/2008	10	5	9.3	6
08/10/2008	12	6.5	10.2	4.9
09/10/2008	8.5	3.5	8.8	3.7
10/10/2008	11	5	10	6
11/10/2008	12	7	9.9	4.1
12/10/2008	9	4	8.2	2.8
13/10/2008	9	2	8.8	1
14/10/2008	14	1	15.7	0.8
15/10/2008	9	5.5	8.4	5.3
16/10/2008	11	5	10.7	5.3
17/10/2008	8	4.5	7.6	4.1
18/10/2008	6	2	5.3	-1.4
19/10/2008	8.3	-1.5	5.7	-2.3
20/10/2008	8.5	0	8.7	0.4
21/10/2008	4	0	5.1	-0.1
22/10/2008	0	-4	0.3	-5.8
23/10/2008	5	-6	4.5	-5.5
24/10/2008	7.5	2	5.5	0.8
25/10/2008	13	3	12.4	1
26/10/2008	14	4.5	14.9	5.3
27/10/2008	17.5	5	14.2	3.7
28/10/2008	16.5	3.5	16.5	4.2
29/10/2008	11.5	3	14.1	1.6
30/10/2008	4.5	1	4.2	1
31/10/2008	5	-2	4.9	-2.2
01/11/2008	2.5	0	3.8	0.2
02/11/2008	2	-2	2.4	-1.2
03/11/2008	5	-1	4.6	-0.5
04/11/2008	7	3	12.6	3.4
05/11/2008	17	5	11.7	4.8
06/11/2008	18.6	5	12.1	4.8
07/11/2008	3	2	6.1	2.6
08/11/2008	5	1.5	4.4	2.5
09/11/2008	5.5	3	5.5	4
10/11/2008	6.5	3	5.6	1.1
11/11/2008	3	0.5	3.4	-0.4
12/11/2008	3.5	-2	2.9	-1.7
13/11/2008	5	-2	3.4	-2.2
14/11/2008	10	-2	7.2	0.7
15/11/2008	19	4	14.5	3.6
16/11/2008	17	3	19.2	3.3
17/11/2008	2	-0.4	3.4	-1.4
18/11/2008	-2	-5	-0.5	-4
19/11/2008	-3	-6	-1.9	-4.3
20/11/2008	-4	-6	-2.4	-4.1
21/11/2008	-3	-5	-2.2	-5.7
22/11/2008	-5.5	-7.5	-1.5	-6
23/11/2008	-5	-10	-3.3	-7.6
24/11/2008	-5	-7	-3.6	-12.4
25/11/2008	1	-10	0.5	-14
26/11/2008	5	-3.5	5	-1.7
27/11/2008	4	0	3.6	-2.8
28/11/2008	3	-1.9	3.1	-1.2
29/11/2008	0.5	0	1.9	-0.6
30/11/2008	-1	-3	-0.6	-5.9
01/12/2008	5	-5	4.1	-5.4
02/12/2008	5	-0.5	4.8	-1.5
03/12/2008	2	-3.5	0.8	-3.4
04/12/2008	4	-1	3.5	-2.4
05/12/2008	-5	-9	-2.2	-9.1
06/12/2008	-1	-10	-2.3	-10.5
07/12/2008	0.5	-6	0.8	-2.7
08/12/2008	-9	-11.4	-1.3	-9.3
09/12/2008	-7	-13	-7.1	-11.9
10/12/2008	-5	-10	-3.1	-8.4
11/12/2008	-4.2	-11	-7.2	-12.9
12/12/2008	-2.5	-11	-1.2	-10.6
13/12/2008	-10	-12	-2	-12.2
14/12/2008	-3	-14	-3.7	-15.5
15/12/2008	9	-6	9.4	-4.4
16/12/2008	-7	-10	3.2	-10.5
17/12/2008	-10	-13	-9.9	-12
18/12/2008	-6	-12	-5.2	-13.6
19/12/2008	-15	-19	-13.2	-17.1
20/12/2008	-14	-17	-13.5	-18.1
21/12/2008	-10	-16	-8.8	-19.8
22/12/2008	-9	-16	-7.8	-10.7
23/12/2008	-8.6	-17	-10.3	-15.5
24/12/2008	-2.5	-14.6	-3.6	-12.2
25/12/2008	-4	-10	-1.9	-14.7
26/12/2008	-11	-18	-13.9	-17.8
27/12/2008	1	-16	-3.6	-17.9
28/12/2008	9	-7	7.6	-3.7
29/12/2008	-2	-6	3.3	-8.1
30/12/2008	-5	-12.5	-5.7	-12.4
31/12/2008	-10.9	-15	-6.4	-14.6
01/01/2009	-10	-14	-8.3	-13.7
02/01/2009	-12	-14	-10.8	-13.1
03/01/2009	-3	-13	-6.9	-12.5
04/01/2009	1	-10	0.4	-7.2
05/01/2009	-4.5	-8	-4.7	-7.6
06/01/2009	-12	-13	-7.4	-13.1
07/01/2009	-5	-15	-7.4	-13.8
08/01/2009	-5	-13	-4.4	-7.5
09/01/2009	-6	-8	-5.6	-8.1
10/01/2009	-12	-15	-7.7	-14
11/01/2009	-13	-16	-12.3	-17.8
12/01/2009	-8	-16	-8.7	-18.4
13/01/2009	0	-12.5	-1.6	-12.2
14/01/2009	-6	-17.5	0	-21.7
15/01/2009	-21.8	-25	-21	-25
16/01/2009	-22	-26	-21.4	-26.6
17/01/2009	-22.8	-26	-23.4	-26.8
18/01/2009	-8	-24.5	-10.5	-29.4
19/01/2009	-6	-17.3	-6.1	-10.5
20/01/2009	-9	-16.3	-7.2	-16.5
21/01/2009	-9.4	-17	-9.3	-19.6
22/01/2009	-6.6	-12	-6.8	-18.1
23/01/2009	-12.5	-21	-12.8	-20.1
24/01/2009	-12.5	-18	-10.7	-22.1
25/01/2009	-22	-24	-20.3	-22.8
26/01/2009	-16	-24	-15.7	-22.6
27/01/2009	-14.1	-22.5	-17.3	-21.2
28/01/2009	-8	-20	-8.3	-20.2
29/01/2009	-6	-12	-6.6	-8.9
30/01/2009	-6	-10	-6.9	-11.4
31/01/2009	-4	-11.5	-4.9	-12.2
01/02/2009	-6.1	-13	-6.8	-14.2
02/02/2009	0	-13	-1.1	-12.1
03/02/2009	-10	-17	-9.7	-16
04/02/2009	-9	-15.3	-9.8	-14
05/02/2009	-10.2	-17.5	-11	-17.9
06/02/2009	-7	-16.5	-9.6	-16.5
07/02/2009	0.5	-13.3	0.1	-12.2
08/02/2009	-1	-8.2	-0.1	-12.4
09/02/2009	-12	-16	-11.6	-15.6
10/02/2009	-8	-16.5	-9.4	-17.6
11/02/2009	-5	-10.7	-5.5	-10.4
12/02/2009	-4	-7.5	-3.1	-8.8
13/02/2009	-10	-18	-8.8	-17.6
14/02/2009	-1	-13	-0.5	-12.2
15/02/2009	0	-4	-0.4	-6
16/02/2009	-2	-5	-2.5	-4.8
17/02/2009	-3	-7.5	-3.3	-5.5
18/02/2009	0.4	-6	-2.6	-10.9
19/02/2009	-1.5	-10.5	-2.2	-11.8
20/02/2009	-1.5	-6	-1.8	-3.5
21/02/2009	-4	-6	-3	-6.6
22/02/2009	-3.4	-9.5	-4.4	-8
23/02/2009	-5	-7.2	-2.8	-6.5
24/02/2009	-3	-10	-2.3	-10.8
25/02/2009	-2	-11	-5.3	-13.7
26/02/2009	1	-9.5	2.1	-9.7
27/02/2009	7.8	-3.6	8.8	-2
28/02/2009	-8.8	-13	1.1	-12.8
01/03/2009	-7.2	-15	-9	-16.9
02/03/2009	-8.5	-10.9	-7.4	-10.3
03/03/2009	-9	-13	-8.6	-11.6
04/03/2009	-9	-17	-8.6	-17.5
05/03/2009	-7.6	-13.5	-8.7	-15.7
06/03/2009	-3	-15	-2.9	-17.2
07/03/2009	1	-6	-0.2	-4.9
08/03/2009	4	-3	3.1	-5.9
09/03/2009	-2.5	-9	-4.8	-10.6
10/03/2009	0	-11	-2.3	-11.5
11/03/2009	4	-6	5	-6.4
12/03/2009	-11.5	-16	-3.3	-15.9
13/03/2009	-5.5	-17	-8.2	-16
14/03/2009	-1.5	-9.5	-0.7	-10.2
15/03/2009	-7	-10.7	-6.9	-14.9
16/03/2009	-3.6	-14.5	-4.9	-16.3
17/03/2009	5	-11	-0.7	-13.6
18/03/2009	6	-4.5	6.4	-4.8
19/03/2009	1	-6	4.5	-8
20/03/2009	-5	-10.9	-4.2	-11.2
21/03/2009	-1	-10	-2.7	-14.1
22/03/2009	-2	-7	-1.7	-8.9
23/03/2009	-0.7	-8.7	-1.8	-8.2
24/03/2009	0.3	-5.5	-2.2	-9
25/03/2009	2.4	-9	-1.2	-11.6
26/03/2009	6.1	-8.5	0	-7.3
27/03/2009	4	-4	1.1	-3.7
28/03/2009	5	-1	3.7	-0.5
29/03/2009	4.5	-3.2	3.7	-3.5
30/03/2009	1	-3	3.3	-2.2
31/03/2009	2.5	-3	2.4	-3.2
01/04/2009	4	-2	1.7	-3.6
02/04/2009	7	0	6.6	0.7
03/04/2009	10	3	6.1	0.5
04/04/2009	6.5	0	3.7	-0.1
05/04/2009	0	-1	0.1	-0.4
06/04/2009	3	-1.1	2.8	-0.7
07/04/2009	8	-1	8	0.4
08/04/2009	4	-0.2	7.1	0.1
09/04/2009	5	-1.5	5.7	-0.6
10/04/2009	2	-2.5	1.5	-1.1
11/04/2009	1.8	-3	1.5	-2.9
12/04/2009	1	-3	1.4	-3.7
13/04/2009	0	-2	0.3	-2.1
14/04/2009	3.5	-3.5	2.9	-2.3
15/04/2009	3.5	-1.5	3.5	-3.5
16/04/2009	2	-3.5	2.5	-2.7
17/04/2009	5	-2.5	4.4	-2.9
18/04/2009	1	-4	1.6	-3.4
19/04/2009	3	-3.5	2.6	-3.5
20/04/2009	7.5	-3	5.8	-4.1
21/04/2009	12	-1	13.5	-2
22/04/2009	14.5	2	8.9	2
23/04/2009	9	1	9.6	1.1
24/04/2009	16	1.5	8.9	2.7
25/04/2009	21	6	18.3	4.1
26/04/2009	7	4	10.3	-1.7
27/04/2009	6.5	-2	4.9	-1.8
28/04/2009	9.5	0	9.1	1.4
29/04/2009	6.5	-2.5	5	-0.4
30/04/2009	12	-1.5	9.9	1.3
01/05/2009	15.5	3	13.4	4.5
02/05/2009	8	2.5	7.1	-0.1
03/05/2009	11.5	1.5	8.3	-1.2
04/05/2009	11	4	10.3	-0.8
05/05/2009	8	-2	7.3	-3.5
06/05/2009	7.4	-1.5	4.4	-2
07/05/2009	9	0	7.3	1.7
08/05/2009	6	2.5	4.9	2.6
09/05/2009	13.5	2	9.6	3.6
10/05/2009	7	3	6.1	3
11/05/2009	7.5	1	6.4	1.7
12/05/2009	14	-2.5	10.6	0.7
13/05/2009	18.5	5.5	14.1	4.1
14/05/2009	21.7	11	22.8	10.1
15/05/2009	9.8	6.5	14.8	2.3
16/05/2009	14	3	12.7	0.7
17/05/2009	13.7	6	14.9	2.7
18/05/2009	9	2	4.7	1.5
19/05/2009	13.5	2.5	12.3	1.2
20/05/2009	9	3	7.7	2.4
21/05/2009	11.5	3	11.3	3.8
22/05/2009	14	4	11.2	4.2
23/05/2009	13.5	3	8.9	3.5
24/05/2009	12.5	5	11.9	5.4
25/05/2009	8.5	5	7.9	4.6
26/05/2009	10	4	8.8	1.1
27/05/2009	11.5	3	10.7	1
28/05/2009	16	5	14	4.2
29/05/2009	12	8.5	12.2	8.5
30/05/2009	13	7	10.6	6.6
31/05/2009	16	6	14.5	6.8
01/06/2009	10.5	6	9.7	6.1
02/06/2009	14.5	8	12.1	8
03/06/2009	15	8	12.6	6.8
04/06/2009	15	7.5	12.6	6.4
05/06/2009	16	8	14	6.9
06/06/2009	14	8	13.6	7.2
07/06/2009	12.5	8	11.3	8
08/06/2009	13.5	6	11.1	7.5
09/06/2009	14	7	11.5	5.6
10/06/2009	10	7	10.3	7.6
11/06/2009	10.5	8	10.5	7.7
12/06/2009	10.5	7.5	9.2	6.6
13/06/2009	17	6	15.1	5.6
14/06/2009	13	9	12.4	5.4
15/06/2009	15.5	5.6	14.2	4.4
16/06/2009	21	7	17.8	5.7
17/06/2009	24	13	19.3	13.2
18/06/2009	22	14	19.7	12.9
19/06/2009	18.5	12	20.3	12.2
20/06/2009	18.5	13	19.9	11.8
21/06/2009	15	12	17.1	9.3
22/06/2009	19	8	16.8	6.4
23/06/2009	22	9	19.4	8
24/06/2009	20	12	18.3	11.2
25/06/2009	22	12	16.2	10.5
26/06/2009	19.5	13	17.5	11.2
27/06/2009	17.5	13	16.2	12
28/06/2009	16	12	15.7	10.4
29/06/2009	17.5	10	13.2	6.1
30/06/2009	15	8	11.7	6.1
01/07/2009	12.5	9	10.7	7
02/07/2009	14	9	12.2	7.9
03/07/2009	13	9.5	12.7	8.8
04/07/2009	14	9	12.5	8.2
05/07/2009	15.5	9	13.1	7.8
06/07/2009	14.5	9	12.3	6.5
07/07/2009	17	6.5	14.9	5.7
08/07/2009	19	8	17.7	8.2
09/07/2009	20	13	18.3	10.3
10/07/2009	24	13	18.9	14.2
11/07/2009	28	15	27.3	15.5
12/07/2009	21	16	21.6	14.4
13/07/2009	16	13	15.2	10.6
14/07/2009	16	12	15.3	10
15/07/2009	19	13	17.1	12.5
16/07/2009	18.5	12	16.4	11.7
17/07/2009	20.3	13	17.3	10.9
18/07/2009	20	13	16.2	12.2
19/07/2009	21	12	19.5	12
20/07/2009	22.5	14	18.8	14
21/07/2009	23	13.5	21	12.8
22/07/2009	16.5	12	15.5	10.8
23/07/2009	20	10	17.9	11.2
24/07/2009	21	13	18.7	12.9
25/07/2009	15	13	14.5	12.3
26/07/2009	20	12	15.2	12
27/07/2009	22	12	20.1	13.7
28/07/2009	24	13	18.7	13.7
29/07/2009	25.5	15	24.7	17
30/07/2009	23.5	17	21.4	15.2
31/07/2009	22	17	20.6	14.8
01/08/2009	23.5	14.5	21.7	15.4
02/08/2009	27.5	15.5	27.7	14.8
03/08/2009	23	18	21.8	15.5
04/08/2009	25	18	25.3	13.8
05/08/2009	24.5	18	24	15
06/08/2009	20	15	19.2	13.3
07/08/2009	18.5	13.2	17.6	11.2
08/08/2009	20	13	18.1	12.6
09/08/2009	19.5	15	18.5	12.1
10/08/2009	19	14	16.7	13.9
11/08/2009	22.5	14.5	NA	13.3
12/08/2009	22	11	20.6	9.6
13/08/2009	26	16	21.5	15.2
14/08/2009	25	18	22.1	16.7
15/08/2009	28	18	25.5	16.7
16/08/2009	20	16	18.9	14.5
17/08/2009	20	17	18.1	14.6
18/08/2009	19	15	18.2	14.4
19/08/2009	21.5	15	18.6	14.7
20/08/2009	20.5	15	19.3	13.2
21/08/2009	20	15	19.4	13
22/08/2009	24	15	19.8	12.8
23/08/2009	18.5	16	17	10.5
24/08/2009	20	11.5	19.6	9.3
25/08/2009	21	10.5	18.8	9.1
26/08/2009	23	14.5	22.5	12
27/08/2009	14.5	12	14.3	10.7
28/08/2009	15	8.5	13.9	6.8
29/08/2009	16	8.7	14.5	5.4
30/08/2009	16	12	15.4	9.6
31/08/2009	13.5	10.8	15.5	8.9
01/09/2009	19.5	7.8	14.5	6.5
02/09/2009	23	10.6	23	11.9
03/09/2009	19.5	13.5	19.6	12.4
04/09/2009	18	12	14.9	9.4
05/09/2009	13.5	9	13.5	6
06/09/2009	16	6	13.7	4.7
07/09/2009	20	9.5	18.3	10.1
08/09/2009	17	10	15.3	5.9
09/09/2009	14	6.5	14.4	3.8
10/09/2009	17.5	5.5	14.1	4.1
11/09/2009	18.5	8.5	16.1	9.2
12/09/2009	19	11	16.2	12
13/09/2009	12	10	14.7	8.3
14/09/2009	14	6	12.5	5.8
15/09/2009	8	6	8.9	4.9
16/09/2009	11.5	1.5	11.1	2.7
17/09/2009	14.5	7	13.2	3.9
18/09/2009	12.5	8	11.9	8.1
19/09/2009	12.5	7.5	11.1	5.2
20/09/2009	15.5	7.5	12.7	6.4
21/09/2009	19	8.5	15.5	7.6
22/09/2009	21.5	11	15.3	9.2
23/09/2009	22	10	13.1	9.1
24/09/2009	12.2	8	12.2	7.2
25/09/2009	10	3	9.1	0
26/09/2009	13	1	11.1	0.2
27/09/2009	15	6	13.7	8.5
28/09/2009	16	8	13	7
29/09/2009	17	6.5	17.3	6.3
30/09/2009	15	6.5	12.5	6.3
01/10/2009	10.5	7	9.8	6.8
02/10/2009	9.5	6.5	8	6.6
03/10/2009	10.5	6.5	10	6.5
04/10/2009	10	6.5	7.5	6.1
05/10/2009	8	5.5	7.5	5.8
06/10/2009	9	5	8	5.4
07/10/2009	8	2.5	7.6	1.4
08/10/2009	9	5	8.2	5.9
09/10/2009	11	5	11.2	5.1
10/10/2009	8	6	8	5.6
11/10/2009	10	2	10.4	0.9
12/10/2009	7.5	3	7	2.5
13/10/2009	7	2	6.2	2.2
14/10/2009	6.5	2	6.5	3.4
15/10/2009	6	1	5.3	-0.9
16/10/2009	6.5	-2	6.4	-2.9
17/10/2009	6.5	-3	6.9	-3.5
18/10/2009	6.5	-1	6.7	-3.1
19/10/2009	6.5	-3	7.6	-1.7
20/10/2009	7	-1	7.1	0.1
21/10/2009	5.5	3	5.3	4
22/10/2009	4	0	4.6	0.1
23/10/2009	2	-1.5	2.6	-3
24/10/2009	5.5	-2	6.7	-3.5
25/10/2009	10.5	1.5	8.2	4.4
26/10/2009	5	2	5.2	0.4
27/10/2009	1.5	-3	0.7	-3.5
28/10/2009	4	-2.5	3.9	-4.5
29/10/2009	4.5	-3.3	4.6	-4.9
30/10/2009	9	0	9.8	-2.3
31/10/2009	16.5	6	15.9	6.2
01/11/2009	8	4	9.8	3.8
02/11/2009	5.5	-2	5.8	-1.9
03/11/2009	8	-1	6.6	-1.4
04/11/2009	3.5	0.5	3.9	-0.6
05/11/2009	0	-4	0.7	-6.2
06/11/2009	2	-5.9	3.3	-5.1
07/11/2009	5	-4.5	0.9	-2.8
08/11/2009	10	-2	9.5	0.8
09/11/2009	11	5	8.7	4.5
10/11/2009	6.9	3	7.2	4
11/11/2009	5.5	2	5.2	2.3
12/11/2009	8	2.5	7	0.6
13/11/2009	8.5	-0.5	6.7	-1.3
14/11/2009	8.5	0.5	13.4	-2.3
15/11/2009	9	3.3	7.3	3.8
16/11/2009	5	3	8.4	2.4
17/11/2009	4.5	0	3	-1.3
18/11/2009	9	-1.5	8	-0.8
19/11/2009	7.5	3	6.1	0.9
20/11/2009	5.5	-1.5	5.7	-0.1
21/11/2009	5.5	0	5.2	1.5
22/11/2009	2.5	-1	3.1	-3.4
23/11/2009	5	-2.3	4.2	-3.8
24/11/2009	4	-2	3.4	-1.1
25/11/2009	2.5	-1.5	2.4	-0.5
26/11/2009	4.5	0	3.9	0.9
27/11/2009	3.5	1	3.2	1.5
28/11/2009	2.5	1	3.3	1.7
29/11/2009	2	0	2.3	0.5
30/11/2009	-0.5	-3	0.7	-3
01/12/2009	-0.5	-4.5	-1.4	-5
02/12/2009	0	-5	0.5	-3.9
03/12/2009	-0.5	-4.5	-0.2	-3.1
04/12/2009	2.5	-2	2.4	-1.1
05/12/2009	0.5	-2	1.9	-4.7
06/12/2009	-1	-3.5	-0.6	-4.5
07/12/2009	-3	-5.5	-1.3	-4.5
08/12/2009	-4	-6.5	-3	-5.5
09/12/2009	-1	-9.5	-2.3	-7.9
10/12/2009	0	-5.5	0.2	-2.6
11/12/2009	-8	-10	-1.9	-8.3
12/12/2009	-10	-11	-6.8	-9.6
13/12/2009	-1	-14.5	-2.7	-14.1
14/12/2009	-2	-7	-0.5	-7.4
15/12/2009	-3	-8	-2.3	-7
16/12/2009	-4	-13	-3.1	-11
17/12/2009	-10	-14.5	-8.5	-10.9
18/12/2009	-7	-12	-6.7	-9.1
19/12/2009	-5	-10	-4.8	-10.3
20/12/2009	-2	-9	-3.1	-8.9
21/12/2009	-2	-4	-1.5	-3.2
22/12/2009	0	-4	1.1	-2.1
23/12/2009	0	-4	0.7	-0.8
24/12/2009	-0.6	-2	-0.4	-2.5
25/12/2009	-1.7	-4.5	-1.9	-6.2
26/12/2009	-3	-6.9	-3.5	-10
27/12/2009	3.5	-8	3.3	-10.3
28/12/2009	2	-1.5	1.5	-4.8
29/12/2009	-2.5	-9.9	-1.3	-11.9
30/12/2009	-12.5	-14.9	-10.2	-13.4
31/12/2009	-7	-13.3	-7.3	-13.1
01/01/2010	-3.2	-10	-4.3	-11
02/01/2010	0	-7.1	0.6	-10.2
03/01/2010	1.5	-4	1.9	-0.1
04/01/2010	1.5	-1	1.4	0
05/01/2010	1.5	-1	1.7	-0.1
06/01/2010	1.5	-1.5	1.7	0
07/01/2010	0	-3	0.8	-1.7
08/01/2010	-2	-4	0.1	-6.4
09/01/2010	-7	-8.2	-5.8	-10.2
10/01/2010	-10.5	-13	-9.1	-14.8
11/01/2010	-8.5	-12	-6.2	-15.6
12/01/2010	-8.9	-12	-8.1	-11.4
13/01/2010	-11.5	-12.9	-8.7	-14.4
14/01/2010	-2	-13	-3.3	-15.7
15/01/2010	0	-9.5	-0.7	-4.5
16/01/2010	-3.5	-10.5	-3.5	-13
17/01/2010	-9	-16.2	-11	-17.7
18/01/2010	-5	-13.9	-5.3	-15.9
19/01/2010	-3.5	-8	-4.1	-7.7
20/01/2010	-0.8	-7	-3.1	-8.6
21/01/2010	-5	-7	-3.4	-6.2
22/01/2010	-7.5	-12	-4.9	-15.9
23/01/2010	-9	-14	-8.7	-16.1
24/01/2010	-5	-13	-6.8	-15.8
25/01/2010	9.5	-12	9	-15.8
26/01/2010	2.1	0	8.1	-0.5
27/01/2010	-2	-5	1	-4.7
28/01/2010	-1	-10	-2.5	-10.1
29/01/2010	-2.5	-6	-1.5	-6.6
30/01/2010	-9.5	-12	-6.3	-13.6
31/01/2010	-14.5	-17	-12.7	-16
01/02/2010	-15	-17	-14.2	-19.4
02/02/2010	-15	-25	-18.3	-23.8
03/02/2010	-10	-20.4	-10.3	-19.9
04/02/2010	-13.5	-16.3	-11	-16.2
05/02/2010	-11	-16.2	-11	-15.5
06/02/2010	-3.9	-13	-4.5	-11.2
07/02/2010	-1.3	-7	-0.8	-4.6
08/02/2010	0.1	-3	-1	-2
09/02/2010	0.3	-6	-1.6	-10.7
10/02/2010	-1	-9.5	-2	-12.6
11/02/2010	0	-6.8	0.2	-6.4
12/02/2010	1	-3.2	0.1	-2.7
13/02/2010	0	-6	-0.4	-4.4
14/02/2010	0	-2	-0.4	-1.7
15/02/2010	0	-3.2	-1.3	-2.6
16/02/2010	0	-3.1	-0.3	-1.9
17/02/2010	1	-2.7	0.7	-2.2
18/02/2010	2	-1	1.8	0
19/02/2010	0.5	-2	2	-1.5
20/02/2010	1	-2.8	0.7	-2
21/02/2010	1.5	-1	0.8	-0.9
22/02/2010	2	-0.8	0.3	-1.4
23/02/2010	7.5	-3	5.1	-1.4
24/02/2010	3.9	-5.8	3.2	-4.9
25/02/2010	3.3	-7	1.1	-7.6
26/02/2010	1	-4	1.9	-0.3
27/02/2010	2.5	-2	2.8	0.7
28/02/2010	2.8	-0.7	1.7	-0.1
01/03/2010	1	-3	1.8	-0.9
02/03/2010	1	-4	0.6	-5.8
03/03/2010	2	-6	0.7	-10
04/03/2010	-1.5	-7	-0.1	-9.7
05/03/2010	1.4	-8	1.1	-5.2
06/03/2010	2.9	-5	3.8	-5.9
07/03/2010	5	-6.5	5.9	-6.3
08/03/2010	0	-3	2.8	-2.8
09/03/2010	0	-5.8	1.6	-4
10/03/2010	-1.8	-3.9	0.2	-9.5
11/03/2010	-2	-8.9	-1.2	-11.3
12/03/2010	1.5	-5.7	0.8	-9.5
13/03/2010	6	-5.9	2.4	-7.1
14/03/2010	8	-5	3.7	-4.6
15/03/2010	6.5	-4	2.6	-4.4
16/03/2010	4	-5	4.5	-2.6
17/03/2010	6.5	0.2	6.5	-1.9
18/03/2010	3.5	0	4.5	0.2
19/03/2010	3.5	-3.5	0.7	-1.6
20/03/2010	2	-2	2.6	-3.4
21/03/2010	0.6	-8.5	-3.2	-9
22/03/2010	1.5	-9	2.1	-8.5
23/03/2010	-1	-3	-0.1	-3.3
24/03/2010	-1.5	-3	-0.4	-1.9
25/03/2010	5	-2.8	6.6	-6.2
26/03/2010	-9	-13.1	-5.9	-11.6
27/03/2010	-4.3	-15	-8.3	-15.1
28/03/2010	1.5	-13	1.1	-15.4
29/03/2010	3.6	-2	2.1	-0.5
30/03/2010	4.5	-3	1.6	-2.5
31/03/2010	2	-3	0.7	-0.2
01/04/2010	2	-1	1	-0.1
02/04/2010	5	-0.9	0.4	-1
03/04/2010	10.5	-2	8.6	-1.3
04/04/2010	13	1	11.9	1.2
05/04/2010	14	3.5	11.3	2.1
06/04/2010	10.5	1.5	8.2	2
07/04/2010	9	3	8.2	3
08/04/2010	6	0.2	5.4	-1.2
09/04/2010	6	0	8.6	1.2
10/04/2010	5	-1	4.6	0.6
11/04/2010	4.5	0	3.7	1.5
12/04/2010	5	-0.5	4.5	-3.2
13/04/2010	5	-2	4.5	-4.1
14/04/2010	6	-2	5.8	-1.7
15/04/2010	5.5	-2.5	5.2	-3.3
16/04/2010	6	-3.1	5	-4.6
17/04/2010	6.5	-1.5	4.7	-3.9
18/04/2010	5.5	1	5.4	0.6
19/04/2010	6	0.8	5.5	1.8
20/04/2010	10	2.9	8.1	2.8
21/04/2010	8	3	7.9	0.7
22/04/2010	8.5	0	8.3	-0.2
23/04/2010	8	3.4	7.5	3.3
24/04/2010	9.5	2.8	8.4	2
25/04/2010	13	0.8	10.5	-0.1
26/04/2010	5.5	1.1	5.1	-3.7
27/04/2010	7	-3	7.2	-4.1
28/04/2010	8	2.2	7.4	1.4
29/04/2010	7.5	2.5	6.4	0.9
30/04/2010	11.5	3.2	9.5	3.6
01/05/2010	15	3	11	4.6
02/05/2010	16	6	16	5.8
03/05/2010	10	3	6.2	4.2
04/05/2010	12.5	3	12	4.7
05/05/2010	12.5	3	12.6	3.3
06/05/2010	9	3	9.9	4.3
07/05/2010	8.6	2.5	8	4.7
08/05/2010	9	2	7.6	4
09/05/2010	6.5	1	6.5	2.6
10/05/2010	7	0	6.4	2.6
11/05/2010	8.5	2	7.8	2.4
12/05/2010	7	1.5	7.6	1.2
13/05/2010	9	1.5	8.7	4.3
14/05/2010	10	1	9.3	1.1
15/05/2010	9	2	8.8	3.2
16/05/2010	9.5	3.5	8.6	5.4
17/05/2010	15.4	4.5	12.1	5.6
18/05/2010	18	6	16.4	5.4
19/05/2010	21	5	18.5	5.3
20/05/2010	16.5	9	15.7	7.1
21/05/2010	14.5	4	12.8	5.2
22/05/2010	23.5	7.5	16.9	10.3
23/05/2010	26	9.5	20.2	9.6
24/05/2010	18	8	17.8	7.7
25/05/2010	10	5.5	10.2	6.8
26/05/2010	15	5	12.8	7.2
27/05/2010	17	5.5	15.5	7.4
28/05/2010	16	7.5	15.1	8.7
29/05/2010	16.5	7.5	15.3	8.4
30/05/2010	12	5.5	12.2	5.8
31/05/2010	14.5	6.5	13.2	7.9
01/06/2010	13.5	8.5	13	9.1
02/06/2010	16	7	13.6	8.7
03/06/2010	17	6	14.8	7.7
04/06/2010	16.5	6.5	13.9	7.3
05/06/2010	13	7.5	12.5	7.3
06/06/2010	11	6.5	10.6	6
07/06/2010	11	5.5	8.8	5.8
08/06/2010	12	4.5	10.3	5.7
09/06/2010	15.5	4.5	15.3	4.7
10/06/2010	19.5	8	17.8	6.2
11/06/2010	19.5	10.5	18	9.6
12/06/2010	18	9	17.7	9.1
13/06/2010	21.2	10.3	18.7	9.1
14/06/2010	20	11.1	17.8	10.2
15/06/2010	18	8.5	15.3	7
16/06/2010	21	7	17.7	6.2
17/06/2010	20.5	12	18.6	12.4
18/06/2010	23	13.6	22.4	13.2
19/06/2010	23.4	14	21.3	13
20/06/2010	20	13.5	17.6	11.9
21/06/2010	23	11.5	20.3	10.4
22/06/2010	23.5	11.5	18.4	11.1
23/06/2010	23.5	12.5	22.7	12.8
24/06/2010	21	15	21.8	13.9
25/06/2010	18.5	11	17.2	10.9
26/06/2010	17.3	10.2	15.7	5.7
27/06/2010	17.5	7	15.7	4.4
28/06/2010	16	6.5	13.6	5.7
29/06/2010	12.5	9.5	12.1	8.1
30/06/2010	17.5	8.5	16.5	8.3
01/07/2010	15	9	13.3	8.4
02/07/2010	20	9	17.7	7.8
03/07/2010	18.5	13	18.1	12.9
04/07/2010	21	14	19.9	12.6
05/07/2010	20	13	19.9	10
06/07/2010	19.5	10	18.8	9.6
07/07/2010	22	13.5	20.2	11
08/07/2010	18.5	11	15.8	10.1
09/07/2010	26.5	11.5	23.5	11
10/07/2010	25	15	20.3	13.7
11/07/2010	25	14.8	23.3	14.3
12/07/2010	23.5	14.5	20.4	14.5
13/07/2010	24	14.5	22.8	14.2
14/07/2010	21	16	19.1	15.6
15/07/2010	26	14	22.5	13.6
16/07/2010	24.5	17.5	24	16.7
17/07/2010	24.5	14.3	21.6	14.9
18/07/2010	23	16	20.5	16
19/07/2010	23	12.3	21.7	13.1
20/07/2010	23	14	21	14.6
21/07/2010	24.5	13.5	22.3	12.7
22/07/2010	20	15.5	19	13.9
23/07/2010	21	13.5	22.5	11.9
24/07/2010	23.5	13	22.2	12.3
25/07/2010	21.5	16.5	21.4	15.7
26/07/2010	20	14	19	15.2
27/07/2010	23	13.5	19.5	15.6
28/07/2010	27.5	15	27	16.5
29/07/2010	19	15	21.4	14
30/07/2010	16	11.5	16.5	12
31/07/2010	20	10.4	17.2	10.1
01/08/2010	24	10.5	20.9	9.9
02/08/2010	26.5	11.5	22	11.9
03/08/2010	23.5	13.5	20.2	13.9
04/08/2010	22	14.5	19.3	14
05/08/2010	24.5	13.5	21.6	15
06/08/2010	20	14.5	20.6	12.4
07/08/2010	18	9	15.4	11.2
08/08/2010	22	11.7	20.5	12.4
09/08/2010	22.5	14	20.4	13.8
10/08/2010	20.5	14.5	19.6	12.8
11/08/2010	20	11	19.5	10.2
12/08/2010	19	10.5	16.9	8.2
13/08/2010	20	13.5	NA	11
14/08/2010	25	11.5	NA	NA
15/08/2010	27	14	23.5	14.2
16/08/2010	25	18	24	16.1
17/08/2010	25	16.9	25	15
18/08/2010	21.5	13.5	19.7	13
19/08/2010	23	14	20.6	12.5
20/08/2010	18.5	11	21.6	10.6
21/08/2010	17	11.5	16.5	9.1
22/08/2010	20	8	16	8.6
23/08/2010	19.5	11	18	11.5
24/08/2010	20	9.5	17.3	10.3
25/08/2010	25	13	21.3	12
26/08/2010	16.5	13	15.8	13.2
27/08/2010	18	12	16.9	13.1
28/08/2010	22.6	13	17.3	13.2
29/08/2010	23	13.6	21.2	13.4
30/08/2010	22	15.5	21.9	12.9
31/08/2010	24	12	21.9	12.6
01/09/2010	24	15.5	22.2	14.9
02/09/2010	25.5	17	21.9	13.9
03/09/2010	18.5	12.5	17.4	12.7
04/09/2010	20	13	17.5	13.5
05/09/2010	18	12.5	19.2	13.4
06/09/2010	17	11.5	15.8	10.9
07/09/2010	15.5	9.5	14.2	6.5
08/09/2010	12	6.5	11.5	5.3
09/09/2010	10	6.5	10.1	6.2
10/09/2010	12.5	6.5	10.6	6.6
11/09/2010	14.5	5	14.4	4.2
12/09/2010	15	2.5	12.9	3.4
13/09/2010	16.5	7.5	15.7	8
14/09/2010	15	9	13.3	9.6
15/09/2010	12	9.5	11.2	8.5
16/09/2010	11.5	9.5	10.8	7.9
17/09/2010	13.5	8	11.5	6
18/09/2010	17	7	16.9	6.3
19/09/2010	14.5	9.5	13.1	6.1
20/09/2010	14	6	12.5	4.5
21/09/2010	13.5	6.5	11.7	5.2
22/09/2010	18	8.5	16.3	7.9
23/09/2010	12.5	9	11.6	4.5
24/09/2010	9.5	5.5	10.2	2.5
25/09/2010	9.5	5.5	8.6	2.8
26/09/2010	11.5	3	10.8	1.1
27/09/2010	15.5	2.5	14.9	3.2
28/09/2010	13.5	10.5	13.9	10
29/09/2010	15.5	10	13.2	9.7
30/09/2010	24	11	14	10.2
01/10/2010	15	11	23.9	10.3
02/10/2010	14	10	12.4	8.5
03/10/2010	9.8	7	9.5	2.9
04/10/2010	11	2	9.8	0.9
05/10/2010	13.5	7.5	11.2	3.3
06/10/2010	12	3	11	1.7
07/10/2010	9.5	6.5	8.7	6.6
08/10/2010	8.5	5.5	8	6
09/10/2010	8	5	8	5.9
10/10/2010	7.5	5.5	7.2	5.8
11/10/2010	10	5	8.8	5.6
12/10/2010	10.5	5	8.8	4.6
13/10/2010	8.5	5	9.2	1.2
14/10/2010	10	3	9.6	0.8
15/10/2010	11.5	3	11.5	2.3
16/10/2010	7.5	5	7.2	4.6
17/10/2010	8	4.5	7.3	4.6
18/10/2010	6.5	4.5	6.3	4.9
19/10/2010	6	2.5	5.7	1.9
20/10/2010	10	3	8.7	-0.1
21/10/2010	11.5	1.5	11.3	6.1
22/10/2010	5.5	4.5	6.3	4.2
23/10/2010	6	3.5	5.8	2.9
24/10/2010	6.5	2.5	6.2	-0.3
25/10/2010	5.5	1.5	5.9	-0.7
26/10/2010	7	3	7.3	3.5
27/10/2010	10	5	14.2	4.8
28/10/2010	17.5	3	16.9	3.3
29/10/2010	8.8	6	9.1	4.7
30/10/2010	2.5	0.5	4.7	1.6
31/10/2010	3	0.5	3.4	0.6
01/11/2010	3.5	0.5	3.9	0.7
02/11/2010	3.5	-0.5	2.8	-0.1
03/11/2010	5	1	3.8	-1.5
04/11/2010	7.5	1	7.8	-1
05/11/2010	19	2.5	19.7	3
06/11/2010	6	3.5	7.5	1.9
07/11/2010	3.5	1	3.3	0.6
08/11/2010	5	1	4.4	1.4
09/11/2010	4.5	1.5	4.8	-1.6
10/11/2010	3.5	-0.5	3.7	-2.9
11/11/2010	4.5	-2.5	4	-3.6
12/11/2010	7.8	0	5.1	-0.3
13/11/2010	8.1	1.5	6.9	-1.8
14/11/2010	4	-2	4	-3.5
15/11/2010	6.5	-1.9	6.9	-1.4
16/11/2010	9.5	2.5	7.8	0.1
17/11/2010	10	-0.1	7.9	-0.9
18/11/2010	4	3	6.8	2
19/11/2010	-1	-3.5	2.1	-3.7
20/11/2010	-3.5	-6.8	-2.8	-5.7
21/11/2010	-2.5	-6	-1.7	-4.6
22/11/2010	-2	-6	-1.7	-7
23/11/2010	1	-6.5	1.6	-8.1
24/11/2010	0.5	0	1.3	0.1
25/11/2010	0.5	-1.5	0.6	-0.6
26/11/2010	0.5	-2.5	0.6	-3.3
27/11/2010	-0.5	-4.5	-0.6	-6
28/11/2010	0.5	-4	1.1	-3.4
29/11/2010	1.5	-1	1.5	-0.5
30/11/2010	3	-4.5	2.1	-3.6
01/12/2010	6.9	-3	7.6	-3.5
02/12/2010	9.5	0.6	9.8	2.6
03/12/2010	6.5	2.5	NA	1.3
04/12/2010	9	0	NA	NA
05/12/2010	5.5	0.5	NA	NA
06/12/2010	8	-1.5	9.1	-0.3
07/12/2010	2	-2	4.2	-1.5
08/12/2010	-2	-4.5	-0.8	-4.9
09/12/2010	-3.4	-5.5	-1.2	-5.4
10/12/2010	-6	-9.5	-5.1	-12.2
11/12/2010	-1.5	-10.8	-1	-11.2
12/12/2010	9.5	-6	3.3	-5.4
13/12/2010	16	-5	16.7	3.1
14/12/2010	8.5	1	15.5	0.2
15/12/2010	8	-1.5	8.6	-2.3
16/12/2010	0	-5.5	0.5	-4.7
17/12/2010	-5	-9	-2	-10.4
18/12/2010	-4	-11.3	-2.7	-11.2
19/12/2010	-3.5	-6.5	-2.7	-4.1
20/12/2010	1	-5.5	1.7	-3.8
21/12/2010	2	-3.5	2.3	0.3
22/12/2010	0.5	-1.5	0.8	-1.2
23/12/2010	0	-2.5	0.2	-2.4
24/12/2010	-1.5	-4.5	-1.1	-5.7
25/12/2010	-3	-8.5	-5.2	-7.1
26/12/2010	-3	-7	-2.8	-5.9
27/12/2010	-3	-5.5	-2.6	-5.7
28/12/2010	-2.5	-7	-2.2	-6.1
29/12/2010	-2	-5.5	-1.6	-10.3
30/12/2010	-0.5	-6.5	0.1	-10.4
31/12/2010	1	-2.5	0.7	-5
01/01/2011	2.5	-1	1.9	-3.7
02/01/2011	2.5	-2.5	1.6	-3.6
03/01/2011	-2.9	-5	0.1	-4.7
04/01/2011	-6	-7	-4.3	-7
05/01/2011	-8	-9.5	-6.5	-10.2
06/01/2011	-7	-10	-7.3	-14
07/01/2011	-2.5	-12.5	-5.5	-16
08/01/2011	-1	-8.5	-0.8	-6.7
09/01/2011	1	-4	1.1	-3.6
10/01/2011	0	-3.5	1.4	-1.2
11/01/2011	-2	-4.5	-0.5	-4.4
12/01/2011	-1.5	-6	-0.4	-5.1
13/01/2011	0	-4.5	0.4	-3.1
14/01/2011	-3.5	-6.5	-1.9	-6.7
15/01/2011	-6.9	-10.5	-4.4	-10.2
16/01/2011	-8	-10.5	-7.1	-10.5
17/01/2011	-12	-14.5	-9.1	-13.1
18/01/2011	-4.5	-14.5	-3.9	-17.6
19/01/2011	-6	-7	-3	-9.3
20/01/2011	-9.5	-11.5	-8.5	-15
21/01/2011	-6	-18	-4.9	-18.1
22/01/2011	-12	-15	-5.2	-15.5
23/01/2011	-16.5	-19	-15	-18.8
24/01/2011	-13.4	-20	-11.9	-19.2
25/01/2011	-13	-17.5	-12.6	-18.5
26/01/2011	-5.5	-16	-7	-18.3
27/01/2011	-3.9	-13.4	-3.7	-15.7
28/01/2011	-5.5	-8	-4.3	-12.9
29/01/2011	-7.5	-11.5	-6.9	-12.8
30/01/2011	-10.5	-14.5	-10.4	-14.6
31/01/2011	-15.5	-19	-12.4	-18.2
01/02/2011	-12.5	-17.5	-10.9	-16.7
02/02/2011	-14	-18.3	-13.3	-18.7
03/02/2011	-6.5	-16.5	-6.2	-19.2
04/02/2011	-3.9	-8.5	-3.6	-7.7
05/02/2011	-2	-6.5	-1.5	-6.1
06/02/2011	-2	-4	-1.9	-8.9
07/02/2011	-6	-10.5	-5.5	-11.2
08/02/2011	-4	-10	-4.3	-10.5
09/02/2011	-12.5	-15	-10.5	-13.5
10/02/2011	-15	-17.5	-11.7	-17.7
11/02/2011	-11.5	-17.5	-11.3	-19.7
12/02/2011	-4.5	-17	-3.7	-19.6
13/02/2011	-12.7	-18.5	-12.6	-17.5
14/02/2011	-7	-17.5	-6.9	-18.1
15/02/2011	-9.5	-13.1	-8	-13.6
16/02/2011	-2	-17	-3.2	-20
17/02/2011	0	-11.5	-0.6	-7.3
18/02/2011	-1	-5.5	1.5	-7.3
19/02/2011	-1	-3.3	-1.1	-3.3
20/02/2011	-3.5	-6.5	-1.5	-9.1
21/02/2011	-9.5	-13	-5.9	-12.4
22/02/2011	-6	-10.5	-5.4	-9.5
23/02/2011	-8	-13	-9	-15.4
24/02/2011	-1.8	-12.5	-1.2	-17
25/02/2011	-3.6	-7.5	-1.4	-9.7
26/02/2011	-13	-16	-9.6	-15.4
27/02/2011	-8.9	-18.5	-13.3	-18.6
28/02/2011	-5	-17.2	-3.8	-17.4
01/03/2011	-5.5	-10	-4.1	-11
02/03/2011	0	-10	-0.1	-11.6
03/03/2011	-13	-17	-11.6	-16.3
04/03/2011	-4.2	-17.1	-5.5	-20.9
05/03/2011	0	-12.9	-0.6	-6.1
06/03/2011	-2	-4.5	-1.3	-6.2
07/03/2011	-8.5	-9	-6.1	-9.8
08/03/2011	-10	-12	-9.5	-17.1
09/03/2011	-4.8	-18	-8.7	-20.2
10/03/2011	-2	-14.5	-4	-12.8
11/03/2011	1.5	-6	1.2	-7.4
12/03/2011	4	-1	3.9	-0.6
13/03/2011	-0.8	-3.5	4.2	-8.2
14/03/2011	-5	-12.4	-7.4	-13.2
15/03/2011	3	-14	1.6	-14
16/03/2011	7.5	-5.5	7.4	-2.6
17/03/2011	4	0	3.8	-0.5
18/03/2011	-1.5	-6	-0.1	-5.1
19/03/2011	-1.2	-8.5	-4	-12.1
20/03/2011	-1	-12	-2.9	-14.5
21/03/2011	2.4	-5.5	-0.1	-10.8
22/03/2011	1.6	-2.5	-0.6	-3.6
23/03/2011	-0.5	-5	-1.4	-5.9
24/03/2011	0.8	-5	-3	-6.1
25/03/2011	-0.7	-7.5	-1.6	-6.2
26/03/2011	-3	-8.5	-3.1	-7.6
27/03/2011	-2.5	-9.5	-2.9	-7.8
28/03/2011	2	-7.5	1.8	-4.7
29/03/2011	4.5	-2	3.3	-0.7
30/03/2011	3	-1.5	2	-1.6
31/03/2011	6.6	-4	NA	NA
01/04/2011	3.4	-4	NA	NA
02/04/2011	0.5	-3	NA	NA
03/04/2011	5.1	-2	NA	NA
04/04/2011	4.5	-7.5	NA	NA
05/04/2011	5.5	-0.5	5.5	0.8
06/04/2011	0.5	-3	1.3	-2.7
07/04/2011	-0.5	-4.5	0	-3.6
08/04/2011	1.5	-5	0.1	-9.4
09/04/2011	7.5	-2.5	2.1	-5.1
10/04/2011	12	-2.5	10.2	-2.1
11/04/2011	11.5	3.5	12	2.8
12/04/2011	6.7	-0.5	10.2	-1.5
13/04/2011	9.2	-2	8.2	-2.3
14/04/2011	5	0	4	-5.3
15/04/2011	-1	-9.5	-1.4	-8.6
16/04/2011	3.5	-6.5	1.7	-9.7
17/04/2011	7	-2.5	6.6	0.3
18/04/2011	5.5	1	5.1	1.7
19/04/2011	2	-2.5	2.5	-1.2
20/04/2011	0.5	-3	-0.3	-2.9
21/04/2011	3	-3.5	1.8	-1.2
22/04/2011	10.5	-2	7.6	-3.6
23/04/2011	12.5	3.5	13.4	2.2
24/04/2011	9.5	3	7.6	1.8
25/04/2011	12	2	10.5	0.5
26/04/2011	6.5	3.5	5.8	1.1
27/04/2011	2.5	-0.5	3.4	0.2
28/04/2011	6	0.5	4.6	1.3
29/04/2011	10.5	1	9.7	1.7
30/04/2011	10	0.5	7.9	0.1
01/05/2011	9.5	0	8	-0.6
02/05/2011	16	0	15.8	0.2
03/05/2011	9.5	3.5	8.8	4.1
04/05/2011	5	2.5	4.7	2.4
05/05/2011	7.5	1.5	3.7	1.9
06/05/2011	12.5	1.7	11.9	1.5
07/05/2011	8.5	1	6.8	2.3
08/05/2011	8.5	2	6.8	0.8
09/05/2011	8.5	1.5	7.1	-0.7
10/05/2011	7	1.5	5.4	2.3
11/05/2011	7.5	2.5	7.2	0.2
12/05/2011	7.5	0.5	7	-0.6
13/05/2011	9.5	1.5	9	2.2
14/05/2011	6	4	6.3	4.1
15/05/2011	10	2.5	9	-0.7
16/05/2011	7.5	1.5	7.1	-0.6
17/05/2011	10	2.5	7	3.2
18/05/2011	11.5	4	11.5	5.7
19/05/2011	19.5	7	17.3	6.7
20/05/2011	10.5	6	14.8	5.8
21/05/2011	10	5	7.9	5.3
22/05/2011	10.5	3.5	8.6	2.9
23/05/2011	16.1	4.5	16.5	4.1
24/05/2011	22.5	11.1	22.3	7.8
25/05/2011	12	5.5	11.4	3.9
26/05/2011	10	4.5	10.6	3.6
27/05/2011	10	5	9.5	4
28/05/2011	11.9	3.9	9.5	3.3
29/05/2011	13	5.9	13.9	6.2
30/05/2011	15.5	6.5	12.9	8
31/05/2011	17	7.5	15.4	4.8
01/06/2011	16.5	9	15.4	7.3
02/06/2011	15.5	6.5	13.3	7.3
03/06/2011	9.5	5	8.4	6.2
04/06/2011	12.5	6	11.3	5
05/06/2011	12	4.5	12.3	5
06/06/2011	12.5	6	11.2	6.6
07/06/2011	12	6.5	10.4	7.4
08/06/2011	14	7.5	13.3	8.6
09/06/2011	16	8	14.7	6.6
10/06/2011	17	5	16.6	4.2
11/06/2011	17	4	15.9	4.4
12/06/2011	18.5	7	17	7.9
13/06/2011	15	10.5	13.1	8.6
14/06/2011	19	7	16.6	8.1
15/06/2011	21.5	9	19.7	8.7
16/06/2011	17.5	12	17	11.8
17/06/2011	15.7	10.5	14.9	9.5
18/06/2011	12	7	10.2	6.3
19/06/2011	12.5	7.5	10.2	6.5
20/06/2011	15	8	13.3	7.7
21/06/2011	13.5	8	12.7	7.7
22/06/2011	17	7	15.4	6.8
23/06/2011	21	8.5	16.8	9.7
24/06/2011	16.1	9.5	16.2	9.6
25/06/2011	16.6	8.8	16.5	9.4
26/06/2011	14.5	10.2	13.8	9.1
27/06/2011	19.5	9	15.3	8.7
28/06/2011	23	13.5	18.3	10.6
29/06/2011	15	9.5	15	9.4
30/06/2011	12.5	9.5	11.4	9.4
01/07/2011	21	9	13.7	9.1
02/07/2011	24.8	10.5	23.3	12.2
03/07/2011	25.5	15.5	25	14.2
04/07/2011	25.5	17	20.2	14.5
05/07/2011	20.5	13.5	19.7	12.7
06/07/2011	18	13	16.8	12.5
07/07/2011	17.5	11.5	17.3	12.5
08/07/2011	22	11	20.2	11.9
09/07/2011	18	13	18.2	13.3
10/07/2011	22	12	20.8	12.4
11/07/2011	23	16.5	21	13.9
12/07/2011	21.5	12.5	20.3	13.6
13/07/2011	21	12.5	19.6	10.6
14/07/2011	20	9	20.6	9.5
15/07/2011	22	10.5	20.2	11.3
16/07/2011	25	14	21	13.7
17/07/2011	25.5	16.5	24.1	17
18/07/2011	24	15.8	21.4	14.1
19/07/2011	22	14.5	20.5	11.6
20/07/2011	21	13.5	19.8	10.6
21/07/2011	19.5	11.5	20.9	11.6
22/07/2011	19	12	17.3	11.9
23/07/2011	18.5	12	17.7	12
24/07/2011	20	11	18.6	12
25/07/2011	23.5	12.5	21.5	11.5
26/07/2011	21.3	15	19.6	14.2
27/07/2011	18	13.5	18	11
28/07/2011	23	11.5	19.1	9.9
29/07/2011	27	16	26.2	16
30/07/2011	22	16	20.1	13.6
31/07/2011	21	13	20.2	10.9
01/08/2011	21	15	21.9	12.4
02/08/2011	20	15.5	19.4	13.7
03/08/2011	21	13.5	15.6	11
04/08/2011	18	12	16.3	10.5
05/08/2011	20.3	11	18.6	10.5
06/08/2011	19	13.6	18.4	11.6
07/08/2011	20	14	18.4	13.2
08/08/2011	15.5	12.5	14.4	11.1
09/08/2011	17.5	12	17.7	10.9
10/08/2011	19	11	14.1	9
11/08/2011	17	14	11.9	8
12/08/2011	17	9.5	14	8.7
13/08/2011	23	10.5	18.2	11
14/08/2011	21	14.5	19.2	13.6
15/08/2011	23	14.5	19.5	12.9
16/08/2011	18	15	NA	14.5
17/08/2011	21	12	18.5	11
18/08/2011	23	16.5	21.7	12.7
19/08/2011	22.5	16.5	22	16
20/08/2011	23	16.5	22.5	15.7
21/08/2011	20.5	16	20.9	16.3
22/08/2011	23	15.5	22.6	14.9
23/08/2011	17	13.5	16.5	10.4
24/08/2011	23	12	22.4	9
25/08/2011	23	15	23.3	15.4
26/08/2011	19	15	18.3	12.1
27/08/2011	19.3	14.5	19	11.2
28/08/2011	19	13	16.7	12.3
29/08/2011	20	12	16.5	10.5
30/08/2011	17	11.5	18.3	9
31/08/2011	17	11.5	15.2	11.4
01/09/2011	18	12.5	17.6	10.2
02/09/2011	24.5	13.5	24.1	12.3
03/09/2011	23	15.8	20.7	11.6
04/09/2011	17	12.9	16.8	11.2
05/09/2011	14	11.5	13.6	11.6
06/09/2011	14.5	10	12.5	7.7
07/09/2011	17	9.5	17.7	7.5
08/09/2011	19.5	14	17.8	13.5
09/09/2011	19	13	17.2	10.8
10/09/2011	15.6	9.5	15.5	7
11/09/2011	22	10	22.4	6.6
12/09/2011	18	14	18	7
13/09/2011	21	7.5	22.3	5.6
14/09/2011	12	10	13.2	7.7
15/09/2011	12.5	9	12.5	7.1
16/09/2011	11.5	7	11.5	7.8
17/09/2011	13.5	7	12.7	6.5
18/09/2011	14	9.5	12.3	5.5
19/09/2011	15	8	14.3	5.7
20/09/2011	14.5	8.5	14.9	6.5
21/09/2011	17.5	10	15.8	10.1
22/09/2011	19	10	19.5	8.9
23/09/2011	13	9	11.9	9.6
24/09/2011	19	8	17.6	8.6
25/09/2011	21.5	10.5	18	11
26/09/2011	18	12.5	15.5	7.5
27/09/2011	13	7.5	12.9	3.2
28/09/2011	17.5	4.5	13	2.2
29/09/2011	18	11	15.9	10.3
30/09/2011	22	10	21.4	9.7
01/10/2011	8.5	8	12.7	3.9
02/10/2011	9	6.5	9.3	5.4
03/10/2011	10	6.5	10.6	3.9
04/10/2011	9	5.5	9.1	3.6
05/10/2011	6.5	4	6.7	3.9
06/10/2011	6	3.5	7	2.7
07/10/2011	16	1	9.5	0.4
08/10/2011	22.5	6	13.6	7.7
09/10/2011	21	10	20.7	8.9
10/10/2011	12	9	12.3	5
11/10/2011	9	5	10.5	1.6
12/10/2011	12	3	10.9	0.7
13/10/2011	13	7	13.2	8.4
14/10/2011	20	8.5	19.4	7.9
15/10/2011	21	9	21.5	8.5
16/10/2011	12.2	8	12.5	6.9
17/10/2011	8	6	8.2	4.2
18/10/2011	11	6	9.5	5
19/10/2011	8.5	5	9	1.2
20/10/2011	11	3	10.4	0.6
21/10/2011	10	6	10.5	4.6
22/10/2011	10	7	10.3	6.7
23/10/2011	10	6	8.8	6.5
24/10/2011	8.4	6	9.9	3.1
25/10/2011	9	4	8.1	2.2
26/10/2011	7	5	6.9	4.6
27/10/2011	5.5	3.5	6	3.8
28/10/2011	5	2	5.1	2.1
29/10/2011	6	2.5	6.6	0.9
30/10/2011	4	1	3.9	0.5
31/10/2011	5	2	5.1	1.1
01/11/2011	8	3	7.9	0
02/11/2011	12	3	11.8	2.3
03/11/2011	10	5	11	4.3
04/11/2011	4	1	4.5	1.9
05/11/2011	4.5	1	4.6	-0.1
06/11/2011	8	0	7.4	0.9
07/11/2011	11	5	9.4	2.2
08/11/2011	8.2	4.4	7.8	5.6
09/11/2011	7	4	6.4	2.6
10/11/2011	13	4	14	4
11/11/2011	7	4	13.7	1.2
12/11/2011	5	0	5.3	1.5
13/11/2011	9	2.4	7.2	1.4
14/11/2011	13	4.5	12.5	3.3
15/11/2011	9	5.7	9.2	4.4
16/11/2011	11	3	11.6	1.4
17/11/2011	5	2	10.5	0.1
18/11/2011	1	-2	1.3	-1
19/11/2011	6	-1	5.7	-1.7
20/11/2011	6	1.4	6.6	-3.1
21/11/2011	-4	-5	-3	-5.3
22/11/2011	-2	-6.9	-1.1	-7
23/11/2011	-2	-6.1	-2.3	-8.7
24/11/2011	3	-6	1.5	-8.8
25/11/2011	7	0	6.6	0.6
26/11/2011	3.2	0.6	6.6	-3.4
27/11/2011	8.5	-5	3.7	-4.8
28/11/2011	8	-2	7	0.5
29/11/2011	4	-1	3.3	-2
30/11/2011	15.5	0	16.7	1.1
01/12/2011	0	-2	6.1	-2.4
02/12/2011	-2	-4	-1.4	-3.9
03/12/2011	3.4	-6	-0.8	-6.5
04/12/2011	8	-4	8.7	-2
05/12/2011	4.5	2	8.3	0.9
06/12/2011	-2	-3	0.9	-3.1
07/12/2011	-1	-3	-0.6	-2.7
08/12/2011	0	-3	NA	NA
09/12/2011	-0.7	-5	NA	NA
10/12/2011	-2.6	-6.9	NA	NA
11/12/2011	0	-11	NA	NA
12/12/2011	1	-8	NA	NA
13/12/2011	-1.5	-3	NA	NA
14/12/2011	-0.7	-6	NA	NA
15/12/2011	6	-2.5	NA	NA
16/12/2011	4	-4	NA	NA
17/12/2011	-9	-11	NA	NA
18/12/2011	-8	-13	NA	NA
19/12/2011	-2	-15	NA	NA
20/12/2011	-5	-10	NA	NA
21/12/2011	-1	-10	NA	NA
22/12/2011	0	-3	NA	NA
23/12/2011	-10	-11	NA	NA
24/12/2011	-12	-15	NA	NA
25/12/2011	-5	-15	NA	NA
26/12/2011	1	-10	NA	NA
27/12/2011	6	-6.3	NA	NA
28/12/2011	10	-1	NA	NA
29/12/2011	-10	-12.2	NA	NA
30/12/2011	-7	-11	NA	NA
31/12/2011	-2	-12	NA	NA
01/01/2012	-0.2	-4.4	NA	NA
02/01/2012	2	-4	1.7	-5.3
03/01/2012	-9.8	-14	-5.1	-13.3
04/01/2012	-9	-13	-8.6	-11.9
05/01/2012	-7	-11	-6.1	-12.1
06/01/2012	-10	-14	-11.4	-13.5
07/01/2012	-4.3	-13	-7.4	-13.4
08/01/2012	-6	-9.9	-4.3	-10.2
09/01/2012	-4	-12	-6.9	-12.3
10/01/2012	0	-10	-0.7	-12.9
11/01/2012	-14	-17	-12.4	-17.8
12/01/2012	-5	-16	-7.2	-21.2
13/01/2012	-1	-11	-0.3	-7.9
14/01/2012	-8.2	-16	-2.3	-16.3
15/01/2012	-11	-20	-13	-19.1
16/01/2012	-5	-15	-7.2	-15.4
17/01/2012	-3	-10	-2.7	-7.4
18/01/2012	-2	-6.2	-1.6	-13.2
19/01/2012	-9	-18	-12.5	-20.7
20/01/2012	-4.1	-18	-4.2	-20.2
21/01/2012	-12	-17	-7.3	-16.5
22/01/2012	-6.5	-16	-11	-15.8
23/01/2012	-0.8	-13	-2.8	-11.5
24/01/2012	2.8	-5	2.8	-3.3
25/01/2012	-4	-7	2.3	-7.9
26/01/2012	-10	-12	-7.8	-12.4
27/01/2012	-5	-14	-4.6	-16.3
28/01/2012	-4.1	-6.2	-4	-8.1
29/01/2012	-1	-6.4	-1.3	-8.3
30/01/2012	-9	-12	-4.4	-14.2
31/01/2012	-13	-17	-13.3	-18.4
01/02/2012	-9	-15	-8.5	-21.4
02/02/2012	-7.6	-12	-10.1	-17.3
03/02/2012	-9	-15	-9.2	-18.9
04/02/2012	-11	-14	-10.7	-15.3
05/02/2012	-2	-14	-8	-14.2
06/02/2012	-0.5	-11	-1.1	-8.1
07/02/2012	-8.1	-10	-5.8	-13.8
08/02/2012	-4	-16	-6.7	-16.1
09/02/2012	-2	-7	-2	-10.3
10/02/2012	2	-8	2.3	-11.2
11/02/2012	-12	-14	-8.1	-15.4
12/02/2012	-15	-16	-13	-17.8
13/02/2012	-15	-21	-14.7	-21.1
14/02/2012	-1.5	-18	-4	-19.1
15/02/2012	0	-6	-1.2	-4.8
16/02/2012	1	-3	-1.1	-3.1
17/02/2012	4	-3	3	-3.5
18/02/2012	0.2	-4	0	-4.9
19/02/2012	-7	-9.3	-4.9	-9
20/02/2012	-8.2	-13	-8.9	-14.7
21/02/2012	-1	-11	-2.2	-15.2
22/02/2012	0.5	-4	-0.1	-6.9
23/02/2012	0	-2	-0.3	-2.3
24/02/2012	1.1	-3	-0.7	-5.4
25/02/2012	-2	-3	-1.1	-2.8
26/02/2012	-4	-7	-1.9	-11.2
27/02/2012	-10	-14.5	-11.1	-15.5
28/02/2012	-3.7	-14	-4.9	-14.7
29/02/2012	-7.3	-10	-8.2	-18.3
01/03/2012	-8.9	-15	-9.9	-19.2
02/03/2012	-4	-15	-7.9	-18
03/03/2012	1.8	-9.3	-0.1	-9.3
04/03/2012	-2	-7	2	-7.9
05/03/2012	-9	-12	-7.7	-16.5
06/03/2012	-3.2	-15	-5.1	-17.7
07/03/2012	10	-10	3.5	-13.7
08/03/2012	11.6	-3	11.6	-2.7
09/03/2012	-2	-4	3.9	-7.5
10/03/2012	-5	-9.8	-7.2	-14.5
11/03/2012	0	-11	-2.7	-15.3
12/03/2012	4	-6	3.1	-4.2
13/03/2012	-3.5	-8	-3.5	-7.5
14/03/2012	-2	-5.5	-1.6	-5.4
15/03/2012	1	-6	-0.9	-8.8
16/03/2012	3	-7	-0.7	-8.7
17/03/2012	9.8	-4	5.6	-4
18/03/2012	12	1.1	10.1	0.6
19/03/2012	3	-2	2.4	-2.3
20/03/2012	16	-2	9.1	-0.5
21/03/2012	19	3	8.6	1
22/03/2012	17.1	6	15.6	2.9
23/03/2012	2	-2.5	4	-4.3
24/03/2012	2	-5.5	1	-4.9
25/03/2012	-2	-6	-2.2	-8
26/03/2012	-4	-5.9	-1.6	-8
27/03/2012	-2	-10	-1.1	-9.9
28/03/2012	-2	-10	-1.8	-12.5
29/03/2012	1	-4	1.6	-4.5
30/03/2012	3	-3.5	2.3	-8
31/03/2012	3	-3	2.8	-4.8
01/04/2012	3	-5	3.3	-7.4
02/04/2012	2	-4	2.3	-7.1
03/04/2012	3	-3	2.6	-2.8
04/04/2012	2	-2	3.1	-4.3
05/04/2012	4	1	4.2	1
06/04/2012	2.5	-2	2.3	-1.3
07/04/2012	2	-1	3	-0.9
08/04/2012	2	-0.5	2.4	-0.3
09/04/2012	7	0	7.3	0.1
10/04/2012	5	0	5.1	0.4
11/04/2012	4	-1	1.9	-2
12/04/2012	6	-1	3.6	-2.6
13/04/2012	7	-1.5	6	-3.3
14/04/2012	9.5	2	8.1	-1.1
15/04/2012	13.8	2	8.9	-1
16/04/2012	23	1	21.8	1.5
17/04/2012	19.2	2.1	17.8	2.8
18/04/2012	6	-0.5	5.5	-2.7
19/04/2012	8	-1	6.1	-3.4
20/04/2012	7	0	7.4	0.3
21/04/2012	0	-1	0.6	-0.9
22/04/2012	1	-1	1.1	-0.9
23/04/2012	2	-2	1.6	-1.4
24/04/2012	17	0	18.1	0.5
25/04/2012	14	2	15	2.2
26/04/2012	9	2	6.6	2.1
27/04/2012	6	0	6.6	-0.3
28/04/2012	2	-4	2	-3.5
29/04/2012	3	-5	1.8	-3.5
30/04/2012	9.4	0	6.7	0.6
01/05/2012	11.9	1.5	8.8	-0.3
02/05/2012	10	1	7.4	-0.2
03/05/2012	12	2	8.5	0.5
04/05/2012	9	3	9.6	1.2
05/05/2012	8	3	7.1	0.5
06/05/2012	9	1	9.8	-0.7
07/05/2012	15.5	3	12.3	0.7
08/05/2012	12	5	10.4	4.6
09/05/2012	10	4.5	9.4	4.9
10/05/2012	9.3	4	5.5	3.5
11/05/2012	10	3	10.4	3.6
12/05/2012	7.5	3	7.1	3.5
13/05/2012	10.5	5	10	1.7
14/05/2012	18	1	9.5	1.2
15/05/2012	18	3	11.7	2.2
16/05/2012	19	6	19.2	6.3
17/05/2012	11	6.8	13.6	5.9
18/05/2012	16	5.1	13.8	5.7
19/05/2012	17	9	14	4.2
20/05/2012	18	6	15.1	2.7
21/05/2012	27	6	26.2	6.4
22/05/2012	19.1	10.5	21.6	9.6
23/05/2012	15	8	14.7	8
24/05/2012	25.5	10	23.8	9.8
25/05/2012	28	18.2	27.8	14.5
26/05/2012	15.4	11.6	20.8	4.9
27/05/2012	14	5	13.2	2.8
28/05/2012	12	5	11.5	4
29/05/2012	10	5	10.4	4.9
30/05/2012	11	6	11.1	7
31/05/2012	9	6	8.5	6.6
01/06/2012	16	6	12.9	6.5
02/06/2012	20	10	16.7	8
03/06/2012	17	10	16.3	5.8
04/06/2012	14	7.5	13.5	5.2
05/06/2012	14	6	12	4.7
06/06/2012	12	7	11.7	6.4
07/06/2012	16	7.3	14.1	6.5
08/06/2012	15	10	15.2	10.3
09/06/2012	11	9	11.2	8.7
10/06/2012	15	9	13.4	6.1
11/06/2012	26	7	22.7	5.4
12/06/2012	29	11	20.9	10
13/06/2012	18.2	11	20.4	11
14/06/2012	16	9	16.4	8.3
15/06/2012	17	9	16.9	6.7
16/06/2012	15	10	15.7	7.1
17/06/2012	23	9	20.6	7.7
18/06/2012	25	13	22	10.8
19/06/2012	23	14	21.1	10.5
20/06/2012	21	15	19.6	14.3
21/06/2012	20	14	21.7	14
22/06/2012	19.5	14.1	20.5	13.5
23/06/2012	16	13	16.9	12.8
24/06/2012	15	11	15.4	11.2
25/06/2012	15	11	16.1	11.1
26/06/2012	18	12	14.6	8.9
27/06/2012	18	8.3	13	6.7
28/06/2012	17	7	12	6.5
29/06/2012	21	10	18.4	9.5
30/06/2012	22	11.3	19.4	11.6
01/07/2012	21	15	18.3	13.1
02/07/2012	20	14	18.4	13.6
03/07/2012	24	15	19.2	14.2
04/07/2012	24	14.1	25.4	13.5
05/07/2012	19.4	14	19.4	11.9
06/07/2012	20	12	18.8	12.4
07/07/2012	22	14.1	19.8	14.2
08/07/2012	17	14	17.4	13.3
09/07/2012	21	13	18.5	13.4
10/07/2012	20.5	14	18.7	12.2
11/07/2012	24	13	22.9	11
12/07/2012	25	14	23.3	13
13/07/2012	20	12	18.5	10.4
14/07/2012	20	13.1	18.3	12.3
15/07/2012	25	13	25	12.7
16/07/2012	23.2	17.4	20.7	14.2
17/07/2012	23	15.1	21.9	12.8
18/07/2012	22	14	19.8	14.7
19/07/2012	16	12.1	16.9	12.1
20/07/2012	20	10	18.7	10.5
21/07/2012	23.3	15.9	20.6	11.4
22/07/2012	25	16.8	22.6	14.2
23/07/2012	26	16.1	25.2	15.3
24/07/2012	21	16.6	24.3	14
25/07/2012	23	14.4	21.8	13.4
26/07/2012	23.7	14.8	22.5	14.9
27/07/2012	21	15.2	20.6	11.4
28/07/2012	23	11	23.1	10.1
29/07/2012	24.1	14	21.7	10.4
30/07/2012	27	15.9	24.1	12.7
31/07/2012	29	18.2	NA	14.6
01/08/2012	29	18	28.7	17.5
02/08/2012	25	17	23.4	15.2
03/08/2012	26	15	22.7	16.2
04/08/2012	25	15	21.3	12
05/08/2012	34	15	34.5	11.9
06/08/2012	22	18	24.4	15.4
07/08/2012	22	15.2	21.6	12.7
08/08/2012	22.1	15.5	21.2	15.5
09/08/2012	23.2	16.2	21.7	13.4
10/08/2012	18.5	12.9	19.6	11.1
11/08/2012	19	14.2	15.1	12.3
12/08/2012	22	13.6	18.5	10.9
13/08/2012	20	13	17.8	12.2
14/08/2012	20	12	20.2	12.5
15/08/2012	17	14	17.3	12.8
16/08/2012	16	13	16.5	13.1
17/08/2012	18	12.6	17.3	12.1
18/08/2012	21	13.7	17.8	12.3
19/08/2012	20	13.9	18.7	11.8
20/08/2012	21	14	20.8	11.8
21/08/2012	20.2	14	18.2	12.2
22/08/2012	20	12	17.8	10.8
23/08/2012	20	14	NA	13.4
24/08/2012	20.3	14.6	20	12.1
25/08/2012	24.1	13.6	23.6	11.1
26/08/2012	25	18	23	17.1
27/08/2012	27.1	18.1	26	17.9
28/08/2012	18.7	15	19.8	14.8
29/08/2012	17	12.5	17	10.6
30/08/2012	23	12.8	18.3	11.9
31/08/2012	23.3	12.9	21.4	12.7
01/09/2012	17	12	17.4	8.3
02/09/2012	17	12.2	16.9	7.7
03/09/2012	20	11.3	17.4	8.7
04/09/2012	21	13.1	20.8	13.3
05/09/2012	17	14.3	18.4	12.5
06/09/2012	16	12.6	14.8	11.1
07/09/2012	18	11.6	17.3	11.1
08/09/2012	23	11.5	23.9	13.3
09/09/2012	17	14	22.9	11.8
10/09/2012	15	10	14.5	9.4
11/09/2012	17	8	15.8	6.7
12/09/2012	22	11	19.9	9.9
13/09/2012	21.5	14	20.4	13.4
14/09/2012	20	12.9	17.6	11
15/09/2012	22	12	21.7	9.3
16/09/2012	12	7	11.7	8.5
17/09/2012	18	10	14.5	8.6
18/09/2012	24	10.7	23.4	10.9
19/09/2012	19	10.6	21.6	5.2
20/09/2012	11	4	11.5	2.2
21/09/2012	11	6	12.1	1.7
22/09/2012	21.2	7	22	5.9
23/09/2012	18.5	11	17.7	8.8
24/09/2012	12	7	12.2	5.4
25/09/2012	16	6	16.2	5.5
26/09/2012	16	11	16.5	6.7
27/09/2012	12	7	11	6
28/09/2012	12	6	10.4	3.6
29/09/2012	12	6	12.5	4.8
30/09/2012	12	8	9.8	7.4
01/10/2012	18	7	13.7	5.9
02/10/2012	16	9	13.7	7.2
03/10/2012	12	7	12.6	4
04/10/2012	11	5	8.7	2.4
05/10/2012	16	7	14.7	7.6
06/10/2012	16	10	15	7.2
07/10/2012	9	5	9.1	3.7
08/10/2012	7.5	4	8	2.2
09/10/2012	11	4	11.5	1
10/10/2012	12	5	12.2	2.1
11/10/2012	7.1	4	9.4	4.6
12/10/2012	5.6	2.1	6.1	1.5
13/10/2012	5	2.8	5.3	0.4
14/10/2012	6.5	2	7.5	0.3
15/10/2012	6	2	6.1	1.6
16/10/2012	6	4	6.6	3.8
17/10/2012	6	4	NA	3.8
18/10/2012	8.5	1	7.2	-0.3
19/10/2012	8	3	8.3	0.6
20/10/2012	11	5	8.4	5.6
21/10/2012	11	5	11.6	5.2
22/10/2012	8	5	7.8	5.3
23/10/2012	6	5	6.1	3.6
24/10/2012	4	1	4.5	-2.4
25/10/2012	5	-1	5.1	-3.7
26/10/2012	8	0	7.5	0.4
27/10/2012	7	2.1	8.4	0
28/10/2012	7	3	7	0.1
29/10/2012	14	4	7.7	3.6
30/10/2012	15	5.6	14.9	6
31/10/2012	15	7	16	5.5
01/11/2012	13.5	5	12.9	4.6
02/11/2012	8	4.5	7.7	4.6
03/11/2012	8	5	7.9	4.9
04/11/2012	4	1	4.9	0.8
05/11/2012	0	-1	0.9	-2
06/11/2012	1	-2.6	1.7	-2.7
07/11/2012	1	-2	2.3	-5.1
08/11/2012	2	-2	2.4	-3.5
09/11/2012	4	0.5	4.1	0.5
10/11/2012	1.5	-1	2.2	-0.5
11/11/2012	2	-1	1.7	-0.9
12/11/2012	16	-1	5	-2.6
13/11/2012	11	1	16.9	1.6
14/11/2012	3	-1	4.8	-3.7
15/11/2012	2	-4	2.7	-4.9
16/11/2012	3	-2	3	-3.3
17/11/2012	0	-3.5	1	-3.5
18/11/2012	3	-4	1.3	-6.6
19/11/2012	4	-1.5	4	-3
20/11/2012	4	1	4	-1.7
21/11/2012	7	0	7.2	-2.1
22/11/2012	11	3	8.1	2
23/11/2012	14	3	13.8	5.3
24/11/2012	8	3	9	1.9
25/11/2012	0	-3.1	2.4	-2.3
26/11/2012	-3	-5	-0.7	-4.1
27/11/2012	-4	-7	-3.6	-8
28/11/2012	-3	-10	-2.7	-11.8
29/11/2012	-5	-10	-4.6	-9.3
30/11/2012	-5	-11	-4.4	-10
01/12/2012	-2.3	-9	-5.3	-14.6
02/12/2012	6	-10	5.6	-14.1
03/12/2012	1	0	3.1	-2.3
04/12/2012	6	-2.5	1.5	-4.5
05/12/2012	7	0	5.1	0.7
06/12/2012	-4	-5	-0.7	-6.1
07/12/2012	2	-6	1.2	-7.4
08/12/2012	1.4	-2	1.7	-1.5
09/12/2012	-0.1	-7	0.5	-8
10/12/2012	-1	-9	-1.2	-8.7
11/12/2012	-3	-5	-0.5	-6.3
12/12/2012	-4.3	-9.5	-5.8	-10.8
13/12/2012	-1	-8.7	-3.2	-10.8
14/12/2012	-1	-6	-0.9	-7.4
15/12/2012	-9	-11	NA	-10
16/12/2012	-5	-13	-8.2	-13.2
17/12/2012	0	-11	-1.5	-13.2
18/12/2012	3	-5	2.4	-3.5
19/12/2012	1	-2	0.8	-1.4
20/12/2012	-1	-3	-1.2	-2.8
21/12/2012	6	-5	2.2	-4.4
22/12/2012	7	-2	8.1	0.2
23/12/2012	-5	-8	0.3	-7.5
24/12/2012	-8	-11	-6.6	-9.2
25/12/2012	-5	-9.7	-4.7	-8
26/12/2012	-4	-6	-3.8	-6.9
27/12/2012	-4	-7	-3.1	-5.4
28/12/2012	-3	-6	-2.6	-5.3
29/12/2012	-2.7	-6	-2.5	-4.8
30/12/2012	-1	-7	-1.5	-7.1
31/12/2012	-7	-10	-2.2	-10.6
01/01/2013	-9	-10.6	-6.9	-11.9
02/01/2013	-9	-15	-8.5	-12.9
03/01/2013	-10	-13	-9.9	-12.7
04/01/2013	-8	-15	-6.9	-14.1
05/01/2013	-11.2	-13	-8.8	-12.4
06/01/2013	-10	-14	-8.8	-15.1
07/01/2013	-5	-17	-14.8	-18.1
08/01/2013	2	-17	1.6	-16.9
09/01/2013	0	-6	-1.6	-7.1
10/01/2013	0	-5.5	-0.1	-4.8
11/01/2013	-2.6	-8	-4.8	-11.9
12/01/2013	3.5	-9	2.4	-9.7
13/01/2013	4	-0.4	3.3	-0.6
14/01/2013	8	-0.9	7.8	-7.9
15/01/2013	-6	-11	-7.7	-11.8
16/01/2013	0	-9.7	-1	-11.9
17/01/2013	0	-18	-0.2	-12.5
18/01/2013	-12.6	-22	-12.4	-21.7
19/01/2013	-8.1	-17	-7.3	-17.6
20/01/2013	-3	-15	-2.4	-17.6
21/01/2013	-15	-18	-12.8	-17.7
22/01/2013	-18	-20.5	-17.3	-20.3
23/01/2013	-18	-25	-17.4	-23.5
24/01/2013	-16.6	-20.5	-15.8	-20.3
25/01/2013	-15	-19.9	-14.5	-19.4
26/01/2013	-12.3	-18	-12.1	-17.2
27/01/2013	-10	-14.1	-9.8	-13.7
28/01/2013	-7.7	-16	-8.6	-15.7
29/01/2013	-1.1	-10	-7.2	-12.8
30/01/2013	6	-10	2.4	-10
31/01/2013	14	0	14.7	-9.8
01/02/2013	-12	-14	-9.4	-17
02/02/2013	-17.2	-21	-16.9	-19.4
03/02/2013	-7.9	-22	-9.1	-23.3
04/02/2013	-8	-12.8	-7.1	-11.6
05/02/2013	-13.9	-19	-11.5	-18.2
06/02/2013	-9	-18	-9.1	-20.3
07/02/2013	-17	-25	-16.2	-23.5
08/02/2013	-12.7	-20	-15.3	-22
09/02/2013	-8	-21	-7.4	-22.4
10/02/2013	-6	-10	-7.4	-10.8
11/02/2013	0	-9	-0.7	-12.1
12/02/2013	-1	-3	-0.9	-4.8
13/02/2013	-1	-3	-1.5	-2.6
14/02/2013	-2	-5	-2.1	-4.3
15/02/2013	0.4	-5	-1	-8.1
16/02/2013	2	-2.4	1.4	-4.7
17/02/2013	-1	-5	-0.9	-4.5
18/02/2013	-3	-4	-1.5	-4.3
19/02/2013	0	-6	-3.8	-10
20/02/2013	0	-7	0.1	-8.9
21/02/2013	0	-3	NA	-1
22/02/2013	-2.9	-9	-2.7	-13.5
23/02/2013	-1	-10	-2.9	-15.3
24/02/2013	-1.8	-8.6	-2.8	-11.8
25/02/2013	0.6	-10	-1.4	-13.2
26/02/2013	-1	-8	-1.6	-11.6
27/02/2013	0	-6	-3.2	-10
28/02/2013	1	-7.9	0	-11.4
01/03/2013	-1	-2	-0.9	-3
02/03/2013	1.2	-3	0.3	-3
03/03/2013	1.5	-1	0.9	-1.1
04/03/2013	1	0	1.3	-0.2
05/03/2013	1.8	0	0.7	-1
06/03/2013	0.5	-1.3	0.1	-2.7
07/03/2013	0.6	-4.3	-0.2	-6.4
08/03/2013	0	-6	-0.2	-7.8
09/03/2013	0.2	-6	-0.5	-7.8
10/03/2013	5	-5.2	2.7	-6.1
11/03/2013	5	-3	4.1	0.2
12/03/2013	10	-1	10	0
13/03/2013	10	0	10.1	0.7
14/03/2013	3	-2	2.3	-3.9
15/03/2013	-5	-8	-3.8	-6.9
16/03/2013	-3.7	-8	-3.3	-7.6
17/03/2013	-8.7	-10.5	-7.4	-13
18/03/2013	-7	-14.6	-5.2	-13.5
19/03/2013	-4	-11	-6.1	-13.5
20/03/2013	0	-10	-0.4	-6.2
21/03/2013	2.2	-3.5	1.3	-7
22/03/2013	-0.5	-6	-0.9	-7.7
23/03/2013	0	-2	-0.1	-2.9
24/03/2013	2	-3	1.2	-2.4
25/03/2013	5	-2	3.4	-1.1
26/03/2013	2.1	-1	0.6	-0.7
27/03/2013	5.6	0	3.9	0.1
28/03/2013	6	0	4	0
29/03/2013	2.7	-3	1.2	-5.4
30/03/2013	5	-5	1.8	-7.3
31/03/2013	8	-1	5.1	-4.8
01/04/2013	9	3	8.5	1.2
02/04/2013	-4	-7	1.9	-9.2
03/04/2013	-2	-11	-1.9	-10.5
04/04/2013	2.8	-5	2.9	-4.3
05/04/2013	2	0	2.8	-2.1
06/04/2013	-2	-6	-0.6	-6
07/04/2013	0	-8	-0.6	-10.1
08/04/2013	1	-3	0.9	-2.5
09/04/2013	2	-2	1.6	-2.5
10/04/2013	4	-2	3.8	-0.8
11/04/2013	2	-4	1.7	-3
12/04/2013	3.1	-2	3.6	-1.8
13/04/2013	4	0	3.5	0.4
14/04/2013	3	0	3.4	-1.9
15/04/2013	8	-1	4.1	-1.6
16/04/2013	11	1	12.4	0.9
17/04/2013	6	2	4.9	-0.3
18/04/2013	4	-2	2.1	-1.3
19/04/2013	14	0	3.2	0.4
20/04/2013	10	0.6	9.8	-2.3
21/04/2013	2	-4	1.8	-3
22/04/2013	9.2	-3	5.9	-4.7
23/04/2013	12	3	12.4	0.8
24/04/2013	11	2	13.4	1.6
25/04/2013	14	1	14.4	1.6
26/04/2013	4.1	-0.8	4.8	-2.7
27/04/2013	9	-2	6.9	-3
28/04/2013	15	2.6	12.2	1.5
29/04/2013	8	1	9	-1
30/04/2013	4.7	1	4.9	-0.1
01/05/2013	14	1	9.7	1.6
02/05/2013	7	3	8.9	0.2
03/05/2013	12	1	9.5	0
04/05/2013	18	2	13.4	-0.8
05/05/2013	17	5	13.6	2.1
06/05/2013	12	5	9.9	4.2
07/05/2013	22	5	16.4	4
08/05/2013	12	5	11.4	3.1
09/05/2013	16	4	14.2	3.1
10/05/2013	11.8	6.2	11.3	5.2
11/05/2013	8	4.1	7.5	3.2
12/05/2013	9	4	8.7	3.2
13/05/2013	12	5	10.6	4.5
14/05/2013	8	4	8.2	0.1
15/05/2013	12	3	10.9	1.4
16/05/2013	9	5	8.9	4.2
17/05/2013	5	3	5.5	2.4
18/05/2013	6	1.8	6.9	-1.5
19/05/2013	13	0	11.5	-1.5
20/05/2013	10	6	11.9	5.9
21/05/2013	12	5	12.4	4.4
22/05/2013	14.4	6	11.7	3.2
23/05/2013	11	7	10.3	6.3
24/05/2013	9	5.8	8.9	6.1
25/05/2013	9	5	8.6	5.5
26/05/2013	6.6	4.1	6.6	4.5
27/05/2013	8	4	7.5	2.9
28/05/2013	12	3	11.4	1
29/05/2013	12.5	7	14.3	3.7
30/05/2013	17	6.9	13	7.4
31/05/2013	20	10	16	8.3
01/06/2013	9	7	11.1	6.5
02/06/2013	9	6	8.3	5.8
03/06/2013	12	5	11.3	5.7
04/06/2013	12	5	NA	5.6
05/06/2013	14	7	12.3	1.2
06/06/2013	16	3	12.9	0.7
07/06/2013	19	5	NA	4.5
08/06/2013	10	8	NA	NA
09/06/2013	14	7	NA	NA
10/06/2013	20	10	14.6	NA
11/06/2013	21	12	17.2	9.4
12/06/2013	14	9	16.8	7.3
13/06/2013	18.5	10	16.5	7.9
14/06/2013	15	10	16	10.7
15/06/2013	19	10	17.4	9.1
16/06/2013	17	9	15.1	6.8
17/06/2013	13	7	15.1	5.7
18/06/2013	12.5	9	11.8	9.6
19/06/2013	16.5	9.5	15.2	9.6
20/06/2013	21.3	13	18.6	8.2
21/06/2013	19	12.8	17.9	9.3
22/06/2013	22	13	19.9	7.9
23/06/2013	22	13	18.1	11.2
24/06/2013	22	15	20.7	15
25/06/2013	17	10	16.7	8.7
26/06/2013	12	8	12.5	8.3
27/06/2013	12	9	10.2	7.6
28/06/2013	13	7	11.6	5.6
29/06/2013	13	8	9.9	6.6
30/06/2013	19	8.5	16.3	9
01/07/2013	20	13	17.5	9.5
02/07/2013	21	10	19.2	7.8
03/07/2013	23	13	NA	11.7
04/07/2013	27	16	24.1	14.4
05/07/2013	27	16	23.4	14.4
06/07/2013	27	18	24.5	14.6
07/07/2013	20	16	20.4	10.4
08/07/2013	18	12	17.6	8.1
09/07/2013	20	11	18.3	9.1
10/07/2013	25	13	25.6	12.9
11/07/2013	25	17	24.1	14.2
12/07/2013	22	13.5	18.7	11.5
13/07/2013	23.3	14	20.3	14.8
14/07/2013	26	16	21.8	14.9
15/07/2013	27	16	22.8	15.5
16/07/2013	25	15	24.7	12.1
17/07/2013	25	14.5	22.7	14.9
18/07/2013	23	15	20.6	12.9
19/07/2013	22.7	15	21.2	13.1
20/07/2013	25	13.8	21.6	14.1
21/07/2013	17	11	15.8	11.9
22/07/2013	21	14	18.5	11.6
23/07/2013	26	14	22.6	12.2
24/07/2013	18	13	15.8	11.2
25/07/2013	17	12	15.4	10
26/07/2013	15	11	15.1	10.2
27/07/2013	18	10	17.2	10.2
28/07/2013	19	12	17.1	11.1
29/07/2013	15	12	13.9	11.5
30/07/2013	19	11	14.6	10.6
31/07/2013	21	11	NA	10.6
01/08/2013	25	18	NA	NA
02/08/2013	21.2	15	21.5	11.2
03/08/2013	19	14	16.3	10.6
04/08/2013	20	14	19.9	12.8
05/08/2013	17.5	13.6	16	12.5
06/08/2013	20	13.3	17.3	13.4
07/08/2013	22	13	20.3	12
08/08/2013	22	14.5	20.2	13.3
09/08/2013	21	15	19.5	12.9
10/08/2013	20	14	19.1	12.3
11/08/2013	22	15	19.4	12.6
12/08/2013	19.9	14	17.9	12.2
13/08/2013	19	12.3	15.4	11.5
14/08/2013	14	10	13.1	10.3
15/08/2013	19	10	16.9	10.9
16/08/2013	17	12	15.5	10.7
17/08/2013	19.5	11	15.2	10.8
18/08/2013	24	12	21.3	12.1
19/08/2013	22	13.4	22	10.5
20/08/2013	15	11	14.5	10.4
21/08/2013	26	10	25.1	10.5
22/08/2013	23	13.5	24	13
23/08/2013	15	13	15.7	12.1
24/08/2013	19	10	16.1	6.2
25/08/2013	20	13	16.9	10.4
26/08/2013	19	14	18.7	11.2
27/08/2013	19	12	15.7	11.3
28/08/2013	18	13	15.9	7.2
29/08/2013	12	7	12.3	4.5
30/08/2013	17	6	13.8	4.9
31/08/2013	19	11	18.9	11
01/09/2013	16	12	14.9	7.2
02/09/2013	19.3	9	14.4	6
03/09/2013	18.7	9	12.6	7.8
04/09/2013	20	10	21	7.7
05/09/2013	12	8	11	5.5
06/09/2013	17	7	16.4	8.4
07/09/2013	17	11	17.3	10.4
08/09/2013	11.5	10	12.6	8.5
09/09/2013	19	6	18.2	5.3
10/09/2013	14.7	9.7	16.6	9.4
11/09/2013	13	9.4	11.9	8.7
12/09/2013	14	8.3	12.4	8.4
13/09/2013	13	9	11.5	9
14/09/2013	14	8	10	7.9
15/09/2013	14.6	8	13.6	7.6
16/09/2013	9	7	9.9	3.7
17/09/2013	15.5	5	14.1	4.2
18/09/2013	16	10	14.6	9.1
19/09/2013	18.5	10	15	8.4
20/09/2013	17	7	NA	NA
21/09/2013	23	9	23.4	7.2
22/09/2013	19	11	20.1	9.6
23/09/2013	8	8	9.6	7.6
24/09/2013	7.9	7	8.5	7.5
25/09/2013	10	7	10.2	7.6
26/09/2013	13	8	12	7.7
27/09/2013	15	9	11.4	5.5
28/09/2013	17.9	9.7	14.1	8.1
29/09/2013	18	10	14.4	10.2
30/09/2013	18	12	15	9.7
01/10/2013	17	8	14.5	8.1
02/10/2013	19	10	17.2	9.5
03/10/2013	14	10	13.1	9.2
04/10/2013	12	7	11.1	4.3
05/10/2013	10	6	9.2	3.2
06/10/2013	10	4	9.1	1.1
07/10/2013	19	5	20.9	5
08/10/2013	11	8	14.8	8.4
09/10/2013	15	7.4	13.9	5.7
10/10/2013	16	10	14.7	9.8
11/10/2013	10	6	9.4	0.3
12/10/2013	8	2	7.6	-1.7
13/10/2013	10	2	9.2	-1.5
14/10/2013	12	6	11.1	4.2
15/10/2013	10	5	8.9	2.3
16/10/2013	15.5	5	14.1	2
17/10/2013	13	8	12.7	7.5
18/10/2013	11	7.5	NA	NA
19/10/2013	10.5	7	9.3	5.6
20/10/2013	11	7	NA	NA
21/10/2013	8.1	5	7.3	4.5
22/10/2013	12	6	12.1	4.8
23/10/2013	8	4	7.6	1.5
24/10/2013	5	1.2	5.1	0.4
25/10/2013	7	2.5	6.3	2.1
26/10/2013	4.5	0	4.4	-0.4
27/10/2013	7	0.9	6.9	2.2
28/10/2013	4	2	4.3	2.5
29/10/2013	1	-1	3.1	-1.3
30/10/2013	3	-2	3.2	-1.9
31/10/2013	12.2	-1	8.6	-1
01/11/2013	19	5	18.5	6.5
02/11/2013	4.5	2	7.2	1
03/11/2013	3	-0.5	2.9	-0.1
04/11/2013	1.5	-1	2	-4.4
05/11/2013	7	-2	5.1	-4.4
06/11/2013	12	3	8.2	3.8
07/11/2013	13	4	13.4	2.8
08/11/2013	4	2	3.6	0.7
09/11/2013	2	0	2.9	-0.3
10/11/2013	2	0	2.7	-0.4
11/11/2013	2	-0.6	1.8	-1.7
12/11/2013	-1	-7	0.8	-5.6
13/11/2013	-1	-5	-0.8	-5.9
14/11/2013	5	-5	4	-5.8
15/11/2013	7	3	5.9	3
16/11/2013	7	4	8	1
17/11/2013	11	0	7.5	-1.2
18/11/2013	13	2.9	12.4	5.3
19/11/2013	2	0	7.2	-3.3
20/11/2013	-2	-5	-0.9	-3.9
21/11/2013	1	-4	1.4	-6.2
22/11/2013	2	-1	1.7	-4.3
23/11/2013	-0.7	-5	0	-4.5
24/11/2013	-5	-7	-4	-5.5
25/11/2013	-5	-7	-3.9	-7.8
26/11/2013	0	-7	-1.1	-8
27/11/2013	10	-2	10.9	-3.6
28/11/2013	-2	-8	2.4	-7
29/11/2013	-5	-9	-4.5	-7.9
30/11/2013	-7	-9	-5.3	-8.8
01/12/2013	-5	-9	-4	-8.7
02/12/2013	0	-9	-2.1	-11.6
03/12/2013	0	-3	0.6	-2.8
04/12/2013	-0.4	-4	0.6	-4
05/12/2013	6	-5.6	4.3	-5.9
06/12/2013	4	-2.6	5.6	-2.6
07/12/2013	-4.2	-6	-2.3	-4.9
08/12/2013	-6	-7.6	-4.8	-8.9
09/12/2013	-3.6	-12	-7.8	-11.5
10/12/2013	-2	-10	-2	-9.7
11/12/2013	-10	-12	-9.2	-15.1
12/12/2013	-15	-18	-14.7	-17.7
13/12/2013	-17	-19	-15.8	-21.9
14/12/2013	-14	-20	-13.7	-18.1
15/12/2013	-8	-18	-7.6	-17.3
16/12/2013	-8	-11	-7.6	-11.1
17/12/2013	-10	-17	NA	-12.2
18/12/2013	-7	-16	-7	-19.3
19/12/2013	-10	-12	-8.5	-13.4
20/12/2013	-11	-18	-12.9	-19.3
21/12/2013	-6	-18	-5.7	-17
22/12/2013	-10.6	-13.3	-7.2	-12.8
23/12/2013	-7	-13	-7.5	-12.4
24/12/2013	-7.4	-9.4	-6.9	-10.9
25/12/2013	-11.7	-15.1	-10.6	-18.8
26/12/2013	-9	-16	-9.5	-18.8
27/12/2013	-8	-12.5	-7.1	-14.9
28/12/2013	-3	-13	-3.3	-12.7
29/12/2013	-9	-17	-11.8	-16.4
30/12/2013	-7.5	-15	-6.3	-16.4
31/12/2013	-20.2	-23	-16.3	-23.7
01/01/2014	-20.8	-24.9	-20.2	-26
02/01/2014	-26	-28	-25.1	-31.6
03/01/2014	-22	-29	-20.6	-33.1
04/01/2014	-13.5	-23	-14.6	-23.2
05/01/2014	-4	-16	-9.2	-14.7
06/01/2014	8	-11	7.7	-11.2
07/01/2014	-15	-18	-3.3	-17.2
08/01/2014	-11	-18	NA	-17.4
09/01/2014	-10	-15.5	-10.6	-15.7
10/01/2014	-2	-15	-5.3	-13.6
11/01/2014	1.4	-5.4	1	-8.2
12/01/2014	4.4	-1	4.3	-1.4
13/01/2014	4	-3	4.1	-2.8
14/01/2014	6	-2	5.6	0.3
15/01/2014	2	-6	1	-6.5
16/01/2014	0	-6.1	1.8	-3
17/01/2014	-0.6	-2.5	-0.9	-3.1
18/01/2014	2.2	-2.5	0.5	-6.1
19/01/2014	0	-4	0	-6.5
20/01/2014	-12	-15	-4.4	-17.6
21/01/2014	-16	-20	-15.3	-19.1
22/01/2014	-10	-20	-10.2	-19.5
23/01/2014	-13.3	-16.1	-11.9	-15.8
24/01/2014	-12.5	-19	-14.8	-20.6
25/01/2014	-5	-17	-5.1	-18.4
26/01/2014	-5.7	-17	-4.8	-17.2
27/01/2014	-10	-20	-8.8	-21
28/01/2014	-14	-19	-12.1	-18.4
29/01/2014	-10	-17	-8.4	-16.1
30/01/2014	-5.5	-15	-7.2	-14.3
31/01/2014	-2	-10.6	-1.4	-7.8
01/02/2014	-3	-10	-5.8	-10.9
02/02/2014	-3	-9	-3.5	-7.2
03/02/2014	-9	-13	-5.8	-15.9
04/02/2014	-8	-13	-6.2	-14
05/02/2014	-13	-15	-7.3	-14.4
06/02/2014	-11	-17	-11.4	-16.2
07/02/2014	-7	-13.7	-6.3	-14.3
08/02/2014	-7.9	-10.1	-7.6	-13.7
09/02/2014	-12	-17	-12.2	-16.5
10/02/2014	-14	-15	-13	-15.9
11/02/2014	-13	-18	-12.2	-20.8
12/02/2014	-5	-17	-10.2	-18.9
13/02/2014	-2	-13	-2.5	-10.2
14/02/2014	-4.8	-10	-4.3	-9.9
15/02/2014	-8	-12	-8	-11.3
16/02/2014	-9.7	-11.6	-8.4	-11.6
17/02/2014	-8	-12	-8.3	-17.6
18/02/2014	-4	-15	-5.7	-19.3
19/02/2014	-1.7	-9.8	-3.2	-9.4
20/02/2014	0	-5	-0.4	-3.9
21/02/2014	-0.6	-6	0.2	-8.8
22/02/2014	3	-4	3	-2.7
23/02/2014	-1	-4	0	-8.3
24/02/2014	-4	-8	-4.1	-10
25/02/2014	-10	-13	-9.2	-12.4
26/02/2014	-12	-15	-12	-20.8
27/02/2014	-9	-18	-9.2	-20.9
28/02/2014	-10	-13	-9.6	-16.8
01/03/2014	-8	-20	-8.8	-21.6
02/03/2014	-11	-14	-8.3	-18.9
03/03/2014	-15	-18.5	-14.3	-20.2
04/03/2014	-17	-22	-16.5	-25.6
05/03/2014	-12.6	-22	-12.6	-26.9
06/03/2014	-4.6	-17	-9.4	-15.7
07/03/2014	1	-11	1	-14.8
08/03/2014	-3	-6	-2.5	-7.2
09/03/2014	-9	-11	-7.2	-15.9
10/03/2014	-4	-14	-4.2	-15.5
11/03/2014	0	-9	0.1	-5.7
12/03/2014	-5	-7	-1	-11.3
13/03/2014	-12	-13.2	-11.2	-13.2
14/03/2014	-4	-15	-7.8	-14.7
15/03/2014	-0.1	-10	-1.1	-7.8
16/03/2014	-7.1	-11.2	-2.1	-14.1
17/03/2014	-10.4	-16.8	-10.5	-16.3
18/03/2014	-7	-14.2	-6.7	-13.7
19/03/2014	-1.4	-10	-4.1	-14.8
20/03/2014	1	-6	1.6	-6
21/03/2014	0	-3	-0.1	-2.7
22/03/2014	-3	-5	-1.9	-5.8
23/03/2014	-5.5	-9.3	-3.4	-12.8
24/03/2014	-9	-16	-8.8	-15.1
25/03/2014	-2.5	-12	-4.6	-17.8
26/03/2014	-1.6	-8	-2.5	-12.1
27/03/2014	-3.5	-9.5	-2.8	-11
28/03/2014	-1.3	-8	-1.5	-12
29/03/2014	1	-3.3	0.2	-7.4
30/03/2014	-2	-5	-2	-8.8
31/03/2014	-1	-5	-2.3	-10
01/04/2014	0.4	-5	-0.8	-13.5
02/04/2014	2.1	-7	0.8	-9.2
03/04/2014	2.3	-3.3	0.3	-5.7
04/04/2014	5	-3	4.6	-5.1
05/04/2014	5	0	4.7	-0.4
06/04/2014	2	-2	1.4	-1.7
07/04/2014	8	-0.3	3.3	-2.5
08/04/2014	7	1	7.2	-0.3
09/04/2014	1.3	-2	2.5	-4.6
10/04/2014	10	-6	10.7	-5.7
11/04/2014	8	4	9.5	-0.9
12/04/2014	7	-1	5.2	-2.6
13/04/2014	2	-4	0.3	-3.5
14/04/2014	14	-2	9.6	0
15/04/2014	16.2	-0.4	17.4	0.3
16/04/2014	0	-5	3.6	-6.1
17/04/2014	3.9	-5.5	3.2	-6.3
18/04/2014	10	-1	9.1	-2.3
19/04/2014	2.4	0	3.3	0.3
20/04/2014	8.1	-1	4.2	-1
21/04/2014	8	1	6.3	0.4
22/04/2014	8	2	6.5	0.9
23/04/2014	2.2	1	2.9	1.1
24/04/2014	1	-1	1.5	-0.7
25/04/2014	5	-1	3.8	-0.5
26/04/2014	7	2	6.8	-0.5
27/04/2014	5	1	4.1	-1
28/04/2014	6	2	5.6	0.2
29/04/2014	6	1	5.8	-1.3
30/04/2014	9.4	-0.6	6.8	-1.7
01/05/2014	11.2	3.8	12.3	0.9
02/05/2014	8.5	3	7	2.1
03/05/2014	5.1	2	5.8	0.2
04/05/2014	5	1.4	4.6	0.3
05/05/2014	7.4	2	6.9	2.1
06/05/2014	9	1.9	9.7	0.4
07/05/2014	10	2	9.8	-0.7
08/05/2014	9	5	9	1.1
09/05/2014	13	3	12.4	0.4
10/05/2014	9.3	6	12.1	5.6
11/05/2014	5.2	1.4	5.9	1.5
12/05/2014	7	1	8.3	0.2
13/05/2014	12	3	9	-0.4
14/05/2014	16	5	16.8	2.7
15/05/2014	15	6	13.1	5.4
16/05/2014	20	5	12.9	4.9
17/05/2014	24.5	8	24.1	6.2
18/05/2014	11	6	15.3	5.8
19/05/2014	7.5	5	8.2	5.5
20/05/2014	9	6	8.8	5.2
21/05/2014	11	7.3	12	6.3
22/05/2014	10	6	8.1	5.2
23/05/2014	8	5	8.6	4.6
24/05/2014	9	5	8.2	4.3
25/05/2014	12	5	11	5.1
26/05/2014	7	4	10	3
27/05/2014	7	3	7.6	0.5
28/05/2014	16	3	12.6	0
29/05/2014	17.5	8	17	6.7
30/05/2014	13	9	15.7	7.6
31/05/2014	11.2	7.2	12.3	5.9
01/06/2014	19	6	14.2	6.3
02/06/2014	17	12	15.7	10.9
03/06/2014	15.3	10	12.9	8.3
04/06/2014	12.2	7.6	13.8	6.9
05/06/2014	10	8	10.6	7.9
06/06/2014	12	8	10.6	7.7
07/06/2014	19	9	17.7	8.2
08/06/2014	21	10	19.6	7.4
09/06/2014	22	12	17.9	9.7
10/06/2014	19	11	16.2	8.1
11/06/2014	22	10	21	8
12/06/2014	18.5	13.1	17.9	10.4
13/06/2014	17	11	15.8	11.8
14/06/2014	17.3	11.2	16.6	9.8
15/06/2014	14	9	13.2	6.1
16/06/2014	20	7	16.5	5
17/06/2014	24	13	21.6	11.6
18/06/2014	20	14	18.9	11.2
19/06/2014	15	12	14.5	8.8
20/06/2014	14	9	12.2	8.7
21/06/2014	16	10	16.3	9.6
22/06/2014	19	10	18.9	8.4
23/06/2014	24	13	19	9.8
24/06/2014	25	18	23.5	14.2
25/06/2014	20	14	20.4	9.9
26/06/2014	24	12	22	9.5
27/06/2014	23.6	13	19.4	10.9
28/06/2014	25	16.5	22.3	13.2
29/06/2014	25	17.5	22.2	15.3
30/06/2014	26	19	24.1	17.5
01/07/2014	29	18	28.2	17.3
02/07/2014	27	20	24.9	17.3
03/07/2014	23	18	22.2	14.9
04/07/2014	21	15	20.5	14.6
05/07/2014	15	11	14.9	10.9
06/07/2014	21	10	18.7	10.9
07/07/2014	20	16.1	19.3	13.9
08/07/2014	24	15	23	13.3
09/07/2014	27	13	27	13.3
10/07/2014	20	16	20.2	12.9
11/07/2014	22.5	15	20.2	12.7
12/07/2014	23	15	20.1	14.2
13/07/2014	26	15	25.4	15.5
14/07/2014	23	16	23.8	13.5
15/07/2014	24.5	14	NA	12.8
16/07/2014	20	13	19.5	12.7
17/07/2014	21	12	20.4	13
18/07/2014	21	15	18.9	14.9
19/07/2014	22	16.7	19.4	13.9
20/07/2014	26	18	24.2	16.2
21/07/2014	25.5	19	23.6	17.2
22/07/2014	26.5	19.6	25.1	16.6
23/07/2014	29	17	28.2	13.7
24/07/2014	17.5	14	17.5	11.1
25/07/2014	22	12	19.9	11.2
26/07/2014	21	15	20.3	13
27/07/2014	20	14	18.4	12.4
28/07/2014	22	13	18.6	13.1
29/07/2014	24	13	24.6	13
30/07/2014	19.5	16	18.9	12.6
31/07/2014	18.9	12.5	17.6	12.1
01/08/2014	19.5	14	19.4	14.1
02/08/2014	23.5	14	20.1	13.8
03/08/2014	21	16	19.1	13.2
04/08/2014	21	15	20.3	14.5
05/08/2014	21	15	20.4	14.7
06/08/2014	19	15	18.7	12.1
07/08/2014	20	15	19.6	10.9
08/08/2014	21	15	20.9	13.4
09/08/2014	20	15	20.6	13.9
10/08/2014	21	14	21.3	13
11/08/2014	25	14.5	22.4	12.8
12/08/2014	24.5	16	23	15.2
13/08/2014	23	18	23	15.6
14/08/2014	24	18	23.1	14.3
15/08/2014	19	11.3	19.8	8.9
16/08/2014	17	11	15.4	10.6
17/08/2014	18	12	18.3	9.7
18/08/2014	17	14	18.5	12.9
19/08/2014	19	14	17.9	13.9
20/08/2014	23	15	23	13.5
21/08/2014	20	14	20.5	11.7
22/08/2014	21	13.5	20.3	12.4
23/08/2014	22	14	20.4	12.1
24/08/2014	23.6	17.7	22.5	16.6
25/08/2014	24	19	22.1	16.8
26/08/2014	26	20	24.9	18.8
27/08/2014	22	17	22	15.1
28/08/2014	14	11.4	15.5	6.9
29/08/2014	18	9	17	6.1
30/08/2014	24	14.5	23.7	9.9
31/08/2014	17	16	18.4	12.9
01/09/2014	19	12	17.7	12.6
02/09/2014	25	15	25.2	14.5
03/09/2014	22	17	20.5	14.5
04/09/2014	21	16	20.9	13.9
05/09/2014	26	14.5	25.3	12.3
06/09/2014	20.2	12.3	25.2	13
07/09/2014	16	10.2	15.5	10
08/09/2014	19	8.9	14.2	6.9
09/09/2014	21	9	18.7	7.4
10/09/2014	20	15	18.9	11.8
11/09/2014	18	13	19.4	10.8
12/09/2014	13	10	13	5.5
13/09/2014	12	5	11.8	2.7
14/09/2014	11.2	7.7	12.1	8
15/09/2014	13	8	12.7	6.8
16/09/2014	14	9	14.2	7.1
17/09/2014	11	8	11.8	4.8
18/09/2014	9	3	9.4	3.7
19/09/2014	11	4	9.8	4.6
20/09/2014	18	7	15.8	6.6
21/09/2014	22.9	13	23.5	11.8
22/09/2014	19	10	20	7.9
23/09/2014	11	6	10.2	5.7
24/09/2014	16	3	14.1	0.8
25/09/2014	19	11.5	16.2	9.6
26/09/2014	21	10	19.9	8.9
27/09/2014	21.2	11	17.4	9.7
28/09/2014	21	12.3	20	7.8
29/09/2014	7	5	8	4.6
30/09/2014	7	3.9	8.2	3.5
01/10/2014	8.5	5	8.9	1.9
02/10/2014	8	3.5	7.4	1.1
03/10/2014	8	3	9.6	0.4
04/10/2014	18	4	11.7	0.9
05/10/2014	18	6	18.7	6.9
06/10/2014	13.4	8	10.1	4.3
07/10/2014	17	8	17.2	6.3
08/10/2014	19	11	17.5	7.8
09/10/2014	10.4	5.5	12.5	3.6
10/10/2014	11	5	9.6	6.2
11/10/2014	9.7	7	9	5.7
12/10/2014	10	4	8.4	5.1
13/10/2014	13.3	6.5	10.4	5.2
14/10/2014	21	7	21.5	5.5
15/10/2014	14	10.5	21.5	7.7
16/10/2014	11	7	10.3	7
17/10/2014	20.7	7	21.1	6.8
18/10/2014	18.5	9.2	19.3	7
19/10/2014	7	3	7	3
20/10/2014	5	3	NA	NA
21/10/2014	5.6	1.9	5.7	0.1
22/10/2014	6.2	0.5	6.9	-1.7
23/10/2014	6	0	NA	-2.2
24/10/2014	7	1	6.9	-1.1
25/10/2014	6	4	5.9	2.5
26/10/2014	5	3	5.7	2.5
27/10/2014	6	3.3	5.9	4.1
28/10/2014	7.8	2.5	7.4	-0.1
29/10/2014	11.9	1.8	10.7	3.3
30/10/2014	6.9	4.5	9.4	4.2
31/10/2014	4.8	1	5.4	-1.1
01/11/2014	4.1	0	4.9	-2.7
02/11/2014	1.7	-1	2.8	-0.4
03/11/2014	3.3	-0.5	3.1	-0.1
04/11/2014	5	0	4.1	-1.6
05/11/2014	8.3	0	7.8	0.5
06/11/2014	6	4	5.9	1.1
07/11/2014	1.8	-0.5	2.7	-1.1
08/11/2014	1.9	-2.7	2.2	-2.1
09/11/2014	4	-1	2.9	-2.7
10/11/2014	3	-3	3.5	-3.2
11/11/2014	-1	-6	-1.7	-6.7
12/11/2014	5	-3.6	5	-2.2
13/11/2014	2	0	3.2	-0.7
14/11/2014	1	-4	1.3	-3.4
15/11/2014	-2.3	-6	-1.5	-5.2
16/11/2014	0.5	-7	0.4	-7.8
17/11/2014	2	-1	2.4	-1
18/11/2014	2	-2.2	2.7	-4.1
19/11/2014	-2.1	-4.8	-1.2	-6
20/11/2014	-2	-8	-2.1	-9.7
21/11/2014	-3.5	-4.8	-2.4	-5.6
22/11/2014	2	-8	1.3	-7.8
23/11/2014	4	-2	2.4	-2.7
24/11/2014	15	-2	13	-1.1
25/11/2014	10	6	14	3.3
26/11/2014	-1	-2	3.8	-2.5
27/11/2014	-3	-5	-2.2	-6.4
28/11/2014	-6	-7	-5.1	-6.8
29/11/2014	-3.8	-10	-5.8	-11.9
30/11/2014	7	-10	7.6	-9.4
01/12/2014	-2	-8	6.7	-9.5
02/12/2014	-6	-15	-9.3	-16.8
03/12/2014	0	-16	0.3	-15.3
04/12/2014	-4	-12	-0.6	-12.8
05/12/2014	-4.3	-15	-8.5	-15.2
06/12/2014	-2	-11	-1.3	-9.2
07/12/2014	-13.2	-15	-1.9	-14.9
08/12/2014	-4	-16	-9.3	-15.5
09/12/2014	-1	-12.2	-0.4	-10.4
10/12/2014	1	-3	-0.9	-2.2
11/12/2014	2.7	-3	2.2	-0.9
12/12/2014	1.7	0.4	1.8	0.3
13/12/2014	2	0.6	1.7	0.7
14/12/2014	1.5	1	1.5	0.1
15/12/2014	-2	-6.1	0.3	-8.2
16/12/2014	-2	-7	-2.3	-9.6
17/12/2014	-1	-3	-0.9	-3.5
18/12/2014	-1.2	-2.5	-0.9	-2.3
19/12/2014	-0.7	-5.5	-1.3	-8.9
20/12/2014	-4	-5.2	-4	-6.2
21/12/2014	-5	-8.6	-5.5	-8.3
22/12/2014	-3	-8	-4.7	-8.8
23/12/2014	-0.8	-5	-1.7	-8
24/12/2014	0.5	-5.1	0.8	-3.7
25/12/2014	8.3	-0.5	6	-0.3
26/12/2014	1.5	0.9	2.1	0.6
27/12/2014	-1	-3	0.7	-4.8
28/12/2014	-2.5	-5	-2	-4.8
29/12/2014	-6.7	-14	-2.4	-16.2
30/12/2014	-17	-18	-15.4	-18.3
31/12/2014	-10.1	-20	NA	-18.8
